timestamp,value
15:27:41.7,14.59
15:27:41.7,14.53
15:27:41.7,14.59
15:27:41.7,14.53
15:27:41.7,14.53
15:27:41.7,14.53
15:27:41.7,14.53
15:27:41.7,14.53
15:27:41.7,14.53
15:27:41.7,14.53
15:27:41.7,14.53
15:27:41.7,14.53
15:27:41.7,14.53
15:27:41.7,14.53
15:27:41.7,14.53
15:27:41.7,14.53
15:27:41.7,14.53
15:27:41.7,14.53
15:27:41.7,14.53
15:27:41.7,14.53
15:27:41.7,14.53
15:27:41.7,14.53
15:27:41.7,14.53
15:27:41.7,14.53
15:27:41.7,14.53
15:27:41.7,14.53
15:27:42.0,14.47
15:27:42.0,14.53
15:27:42.0,14.47
15:27:42.0,14.47
15:27:42.0,14.47
15:27:42.0,14.47
15:27:42.0,14.47
15:27:42.0,14.47
15:27:42.0,14.47
15:27:42.0,14.47
15:27:42.0,14.47
15:27:42.0,14.47
15:27:42.0,14.47
15:27:42.0,14.47
15:27:42.0,14.47
15:27:42.0,14.47
15:27:42.0,14.47
15:27:42.0,14.47
15:27:42.0,14.47
15:27:42.0,14.42
15:27:42.0,14.47
15:27:42.0,14.42
15:27:42.0,14.47
15:27:42.0,14.42
15:27:42.0,14.42
15:27:42.2,14.42
15:27:42.2,14.42
15:27:42.2,14.42
15:27:42.2,14.42
15:27:42.2,14.42
15:27:42.2,14.42
15:27:42.2,14.42
15:27:42.2,14.42
15:27:42.2,14.42
15:27:42.2,14.42
15:27:42.2,14.42
15:27:42.2,14.42
15:27:42.2,14.42
15:27:42.2,14.42
15:27:42.2,14.42
15:27:42.2,14.42
15:27:42.3,14.42
15:27:42.3,14.42
15:27:42.3,14.42
15:27:42.3,14.42
15:27:42.3,14.42
15:27:42.3,14.42
15:27:42.3,14.42
15:27:42.3,14.42
15:27:42.3,14.42
15:27:42.3,14.42
15:27:42.3,14.42
15:27:42.3,14.42
15:27:42.3,14.42
15:27:42.3,14.42
15:27:42.3,14.42
15:27:42.3,14.42
15:27:42.4,14.42
15:27:42.4,14.42
15:27:42.4,14.42
15:27:42.4,14.42
15:27:42.4,14.42
15:27:42.4,14.42
15:27:42.4,14.42
15:27:42.4,14.42
15:27:42.4,14.42
15:27:42.5,14.42
15:27:42.5,14.42
15:27:42.5,14.42
15:27:42.5,14.42
15:27:42.5,14.42
15:27:42.5,14.42
15:27:42.5,14.42
15:27:42.5,14.42
15:27:42.5,14.42
15:27:42.5,14.42
15:27:42.5,14.42
15:27:42.5,14.42
15:27:42.5,14.42
15:27:42.5,14.42
15:27:42.5,14.42
15:27:42.5,14.42
15:27:42.6,14.42
15:27:42.6,14.42
15:27:42.6,14.42
15:27:42.6,14.42
15:27:42.6,14.42
15:27:42.6,14.42
15:27:42.6,14.42
15:27:42.6,14.42
15:27:42.6,14.42
15:27:42.6,14.42
15:27:42.6,14.42
15:27:42.6,14.47
15:27:42.6,14.42
15:27:42.7,14.47
15:27:42.7,14.47
15:27:42.7,14.47
15:27:42.7,14.47
15:27:42.7,14.47
15:27:42.7,14.47
15:27:42.7,14.47
15:27:42.7,14.47
15:27:42.7,14.47
15:27:42.7,14.47
15:27:42.7,14.47
15:27:42.7,14.47
15:27:42.8,14.47
15:27:42.8,14.47
15:27:42.8,14.47
15:27:42.8,14.47
15:27:42.8,14.47
15:27:42.8,14.47
15:27:42.8,14.47
15:27:42.8,14.47
15:27:42.8,14.47
15:27:42.8,14.47
15:27:42.8,14.47
15:27:42.8,14.47
15:27:42.8,14.47
15:27:42.8,14.47
15:27:42.8,14.47
15:27:42.8,14.47
15:27:42.8,14.47
15:27:42.8,14.47
15:27:42.8,14.53
15:27:42.8,14.47
15:27:42.8,14.53
15:27:42.8,14.53
15:27:42.8,14.53
15:27:42.9,14.53
15:27:42.9,14.53
15:27:42.9,14.53
15:27:42.9,14.53
15:27:42.9,14.53
15:27:42.9,14.53
15:27:42.9,14.53
15:27:42.9,14.53
15:27:42.9,14.53
15:27:42.9,14.53
15:27:42.9,14.53
15:27:42.9,14.53
15:27:42.9,14.53
15:27:42.9,14.59
15:27:42.9,14.53
15:27:42.9,14.59
15:27:42.9,14.59
15:27:42.9,14.59
15:27:43.1,14.59
15:27:43.1,14.59
15:27:43.1,14.59
15:27:43.1,14.59
15:27:43.1,14.59
15:27:43.1,14.59
15:27:43.1,14.59
15:27:43.1,14.59
15:27:43.1,14.59
15:27:43.1,14.59
15:27:43.1,14.59
15:27:43.1,14.59
15:27:43.1,14.59
15:27:43.1,14.59
15:27:43.1,14.59
15:27:43.1,14.59
15:27:43.1,14.59
15:27:43.1,14.59
15:27:43.1,14.65
15:27:43.1,14.59
15:27:43.1,14.59
15:27:43.1,14.59
15:27:43.1,14.59
15:27:43.2,14.65
15:27:43.2,14.59
15:27:43.2,14.65
15:27:43.2,14.59
15:27:43.2,14.65
15:27:43.2,14.65
15:27:43.2,14.65
15:27:43.2,14.65
15:27:43.2,14.65
15:27:43.3,14.65
15:27:43.3,14.65
15:27:43.3,14.65
15:27:43.3,14.65
15:27:43.3,14.65
15:27:43.3,14.65
15:27:43.3,14.65
15:27:43.3,14.65
15:27:43.3,14.65
15:27:43.3,14.65
15:27:43.3,14.65
15:27:43.3,14.65
15:27:43.3,14.65
15:27:43.3,14.71
15:27:43.3,14.65
15:27:43.3,14.65
15:27:43.4,14.71
15:27:43.4,14.65
15:27:43.4,14.71
15:27:43.4,14.65
15:27:43.4,14.71
15:27:43.4,14.71
15:27:43.4,14.71
15:27:43.4,14.71
15:27:43.4,14.71
15:27:43.5,14.71
15:27:43.5,14.71
15:27:43.5,14.71
15:27:43.5,14.71
15:27:43.5,14.71
15:27:43.5,14.71
15:27:43.5,14.71
15:27:43.5,14.71
15:27:43.5,14.71
15:27:43.5,14.71
15:27:43.5,14.71
15:27:43.5,14.71
15:27:43.5,14.71
15:27:43.5,14.71
15:27:43.5,14.71
15:27:43.5,14.71
15:27:43.6,14.71
15:27:43.6,14.71
15:27:43.6,14.71
15:27:43.6,14.71
15:27:43.6,14.71
15:27:43.6,14.71
15:27:43.6,14.71
15:27:43.6,14.71
15:27:43.6,14.71
15:27:43.6,14.71
15:27:43.6,14.71
15:27:43.6,14.71
15:27:43.6,14.71
15:27:43.6,14.71
15:27:43.6,14.71
15:27:43.6,14.71
15:27:43.6,14.71
15:27:43.7,14.71
15:27:43.7,14.77
15:27:43.7,14.71
15:27:43.7,14.71
15:27:43.7,14.71
15:27:43.7,14.77
15:27:43.7,14.71
15:27:43.7,14.77
15:27:43.7,14.77
15:27:43.7,14.71
15:27:43.7,14.77
15:27:43.7,14.71
15:27:43.7,14.77
15:27:43.7,14.71
15:27:43.7,14.77
15:27:43.8,14.77
15:27:43.8,14.71
15:27:43.8,14.77
15:27:43.8,14.71
15:27:43.8,14.77
15:27:43.8,14.77
15:27:43.8,14.77
15:27:43.8,14.77
15:27:43.8,14.71
15:27:43.8,14.77
15:27:43.8,14.71
15:27:43.8,14.77
15:27:43.8,14.71
15:27:43.8,14.77
15:27:43.8,14.77
15:27:43.8,14.77
15:27:43.8,14.77
15:27:43.8,14.77
15:27:43.8,14.77
15:27:43.8,14.71
15:27:43.8,14.77
15:27:43.8,14.71
15:27:43.8,14.77
15:27:43.8,14.77
15:27:43.8,14.77
15:27:43.8,14.77
15:27:43.8,14.77
15:27:43.8,14.77
15:27:43.8,14.77
15:27:43.8,14.77
15:27:43.8,14.77
15:27:43.8,14.77
15:27:43.8,14.77
15:27:43.8,14.77
15:27:43.8,14.77
15:27:43.8,14.77
15:27:43.8,14.77
15:27:43.8,14.77
15:27:43.8,14.77
15:27:43.8,14.77
15:27:43.8,14.77
15:27:44.1,14.77
15:27:44.1,14.77
15:27:44.1,14.77
15:27:44.1,14.77
15:27:44.1,14.77
15:27:44.1,14.77
15:27:44.1,14.77
15:27:44.1,14.77
15:27:44.1,14.77
15:27:44.1,14.77
15:27:44.1,14.77
15:27:44.1,14.77
15:27:44.1,14.77
15:27:44.1,14.77
15:27:44.1,14.77
15:27:44.1,14.77
15:27:44.2,14.77
15:27:44.2,14.77
15:27:44.2,14.77
15:27:44.2,14.77
15:27:44.2,14.77
15:27:44.2,14.77
15:27:44.2,14.77
15:27:44.2,14.77
15:27:44.2,14.77
15:27:44.2,14.77
15:27:44.2,14.77
15:27:44.2,14.77
15:27:44.2,14.77
15:27:44.2,14.77
15:27:44.2,14.77
15:27:44.2,14.77
15:27:44.4,14.77
15:27:44.4,14.77
15:27:44.4,14.77
15:27:44.4,14.77
15:27:44.4,14.77
15:27:44.4,14.77
15:27:44.4,14.77
15:27:44.4,14.77
15:27:44.4,14.77
15:27:44.4,14.77
15:27:44.4,14.77
15:27:44.4,14.77
15:27:44.4,14.77
15:27:44.4,14.77
15:27:44.4,14.77
15:27:44.4,14.77
15:27:44.4,14.77
15:27:44.4,14.77
15:27:44.4,14.77
15:27:44.4,14.71
15:27:44.4,14.77
15:27:44.4,14.71
15:27:44.4,14.77
15:27:44.4,14.77
15:27:44.4,14.71
15:27:44.4,14.77
15:27:44.4,14.71
15:27:44.4,14.77
15:27:44.4,14.71
15:27:44.4,14.71
15:27:44.4,14.71
15:27:44.4,14.71
15:27:44.4,14.77
15:27:44.4,14.71
15:27:44.4,14.77
15:27:44.4,14.71
15:27:44.4,14.71
15:27:44.4,14.71
15:27:44.4,14.71
15:27:44.4,14.71
15:27:44.4,14.77
15:27:44.7,14.71
15:27:44.7,14.71
15:27:44.7,14.77
15:27:44.7,14.71
15:27:44.7,14.77
15:27:44.7,14.77
15:27:44.7,14.77
15:27:44.7,14.77
15:27:44.7,14.77
15:27:44.7,14.77
15:27:44.7,14.77
15:27:44.7,14.77
15:27:44.7,14.77
15:27:44.7,14.77
15:27:44.7,14.77
15:27:44.7,14.77
15:27:44.8,14.77
15:27:44.8,14.77
15:27:44.8,14.83
15:27:44.8,14.77
15:27:44.8,14.83
15:27:44.8,14.83
15:27:44.8,14.83
15:27:44.8,14.83
15:27:44.8,14.83
15:27:44.8,14.83
15:27:44.8,14.83
15:27:44.8,14.83
15:27:44.8,14.83
15:27:44.8,14.83
15:27:44.8,14.83
15:27:44.8,14.83
15:27:44.9,14.83
15:27:44.9,14.83
15:27:44.9,14.83
15:27:44.9,14.83
15:27:44.9,14.83
15:27:44.9,14.77
15:27:44.9,14.83
15:27:44.9,14.77
15:27:45.0,14.77
15:27:45.0,14.77
15:27:45.0,14.77
15:27:45.0,14.77
15:27:45.0,14.77
15:27:45.0,14.77
15:27:45.0,14.77
15:27:45.0,14.77
15:27:45.0,14.77
15:27:45.0,14.77
15:27:45.0,14.77
15:27:45.0,14.77
15:27:45.0,14.77
15:27:45.0,14.77
15:27:45.0,14.71
15:27:45.0,14.77
15:27:45.1,14.71
15:27:45.1,14.71
15:27:45.1,14.71
15:27:45.1,14.71
15:27:45.1,14.71
15:27:45.1,14.71
15:27:45.1,14.71
15:27:45.1,14.71
15:27:45.1,14.71
15:27:45.1,14.71
15:27:45.1,14.71
15:27:45.1,14.71
15:27:45.1,14.71
15:27:45.1,14.71
15:27:45.1,14.71
15:27:45.1,14.71
15:27:45.1,14.71
15:27:45.1,14.71
15:27:45.1,14.77
15:27:45.1,14.77
15:27:45.1,14.77
15:27:45.1,14.77
15:27:45.1,14.83
15:27:45.1,14.83
15:27:45.1,14.83
15:27:45.1,14.83
15:27:45.1,14.89
15:27:45.1,14.89
15:27:45.1,14.95
15:27:45.1,14.95
15:27:45.1,14.95
15:27:45.1,14.95
15:27:45.1,15.01
15:27:45.1,15.01
15:27:45.1,15.01
15:27:45.1,15.01
15:27:45.1,15.01
15:27:45.1,15.07
15:27:45.1,15.07
15:27:45.1,15.07
15:27:45.1,15.07
15:27:45.1,15.07
15:27:45.1,15.14
15:27:45.1,15.14
15:27:45.1,15.14
15:27:45.1,15.14
15:27:45.1,15.14
15:27:45.1,15.2
15:27:45.1,15.2
15:27:45.1,15.2
15:27:45.1,15.2
15:27:45.5,15.2
15:27:45.5,15.2
15:27:45.5,15.26
15:27:45.5,15.26
15:27:45.5,15.26
15:27:45.5,15.26
15:27:45.5,15.26
15:27:45.5,15.26
15:27:45.5,15.26
15:27:45.5,15.32
15:27:45.5,15.32
15:27:45.5,15.32
15:27:45.5,15.32
15:27:45.6,15.32
15:27:45.6,15.32
15:27:45.6,15.32
15:27:45.6,15.38
15:27:45.6,15.32
15:27:45.6,15.38
15:27:45.6,15.38
15:27:45.6,15.38
15:27:45.6,15.38
15:27:45.6,15.38
15:27:45.6,15.38
15:27:45.6,15.38
15:27:45.6,15.38
15:27:45.6,15.38
15:27:45.6,15.38
15:27:45.6,15.38
15:27:45.7,15.38
15:27:45.7,15.38
15:27:45.7,15.38
15:27:45.7,15.38
15:27:45.7,15.38
15:27:45.7,15.38
15:27:45.7,15.38
15:27:45.7,15.38
15:27:45.7,15.38
15:27:45.7,15.38
15:27:45.7,15.38
15:27:45.7,15.38
15:27:45.7,15.38
15:27:45.7,15.38
15:27:45.7,15.38
15:27:45.7,15.38
15:27:45.7,15.38
15:27:45.7,15.38
15:27:45.7,15.38
15:27:45.7,15.38
15:27:45.7,15.38
15:27:45.7,15.38
15:27:45.7,15.38
15:27:45.7,15.38
15:27:45.7,15.38
15:27:45.7,15.38
15:27:45.7,15.38
15:27:45.7,15.38
15:27:45.7,15.38
15:27:45.7,15.38
15:27:45.7,15.38
15:27:45.7,15.38
15:27:45.7,15.38
15:27:45.7,15.38
15:27:45.7,15.38
15:27:45.7,15.38
15:27:45.7,15.38
15:27:45.7,15.38
15:27:45.7,15.38
15:27:45.7,15.38
15:27:45.7,15.38
15:27:45.7,15.38
15:27:45.7,15.38
15:27:45.7,15.38
15:27:45.7,15.38
15:27:45.7,15.38
15:27:45.7,15.38
15:27:46.0,15.38
15:27:46.0,15.38
15:27:46.0,15.38
15:27:46.0,15.38
15:27:46.0,15.38
15:27:46.0,15.38
15:27:46.0,15.38
15:27:46.0,15.38
15:27:46.0,15.38
15:27:46.0,15.38
15:27:46.0,15.38
15:27:46.0,15.38
15:27:46.1,15.38
15:27:46.1,15.38
15:27:46.1,15.32
15:27:46.1,15.38
15:27:46.1,15.38
15:27:46.1,15.38
15:27:46.1,15.38
15:27:46.1,15.38
15:27:46.1,15.38
15:27:46.1,15.32
15:27:46.1,15.32
15:27:46.1,15.32
15:27:46.1,15.38
15:27:46.1,15.32
15:27:46.1,15.32
15:27:46.1,15.32
15:27:46.1,15.32
15:27:46.1,15.32
15:27:46.1,15.32
15:27:46.1,15.32
15:27:46.1,15.32
15:27:46.1,15.32
15:27:46.1,15.32
15:27:46.1,15.32
15:27:46.1,15.32
15:27:46.1,15.32
15:27:46.1,15.32
15:27:46.1,15.32
15:27:46.1,15.32
15:27:46.1,15.32
15:27:46.1,15.32
15:27:46.1,15.32
15:27:46.1,15.32
15:27:46.3,15.32
15:27:46.3,15.26
15:27:46.3,15.32
15:27:46.3,15.26
15:27:46.3,15.32
15:27:46.3,15.26
15:27:46.3,15.26
15:27:46.3,15.26
15:27:46.3,15.26
15:27:46.3,15.26
15:27:46.3,15.26
15:27:46.3,15.26
15:27:46.3,15.26
15:27:46.3,15.26
15:27:46.3,15.32
15:27:46.3,15.26
15:27:46.4,15.32
15:27:46.4,15.26
15:27:46.4,15.32
15:27:46.4,15.26
15:27:46.4,15.32
15:27:46.4,15.26
15:27:46.4,15.26
15:27:46.4,15.26
15:27:46.4,15.26
15:27:46.5,15.26
15:27:46.5,15.26
15:27:46.5,15.26
15:27:46.5,15.26
15:27:46.5,15.26
15:27:46.5,15.26
15:27:46.5,15.26
15:27:46.5,15.26
15:27:46.5,15.26
15:27:46.5,15.26
15:27:46.5,15.26
15:27:46.5,15.26
15:27:46.5,15.26
15:27:46.5,15.26
15:27:46.5,15.26
15:27:46.5,15.26
15:27:46.5,15.26
15:27:46.5,15.2
15:27:46.5,15.26
15:27:46.5,15.2
15:27:46.5,15.26
15:27:46.5,15.26
15:27:46.5,15.2
15:27:46.5,15.26
15:27:46.5,15.2
15:27:46.5,15.26
15:27:46.5,15.2
15:27:46.5,15.26
15:27:46.5,15.26
15:27:46.5,15.26
15:27:46.5,15.26
15:27:46.5,15.2
15:27:46.7,15.26
15:27:46.7,15.26
15:27:46.7,15.26
15:27:46.7,15.26
15:27:46.7,15.26
15:27:46.7,15.26
15:27:46.7,15.26
15:27:46.7,15.26
15:27:46.7,15.26
15:27:46.7,15.26
15:27:46.7,15.26
15:27:46.7,15.26
15:27:46.7,15.26
15:27:46.7,15.26
15:27:46.7,15.26
15:27:46.7,15.26
15:27:46.9,15.26
15:27:46.9,15.26
15:27:46.9,15.26
15:27:46.9,15.26
15:27:46.9,15.26
15:27:46.9,15.26
15:27:46.9,15.26
15:27:46.9,15.26
15:27:46.9,15.26
15:27:46.9,15.26
15:27:46.9,15.26
15:27:46.9,15.26
15:27:46.9,15.26
15:27:46.9,15.26
15:27:46.9,15.26
15:27:46.9,15.26
15:27:46.9,15.26
15:27:46.9,15.26
15:27:46.9,15.26
15:27:46.9,15.26
15:27:46.9,15.26
15:27:46.9,15.26
15:27:46.9,15.26
15:27:46.9,15.26
15:27:46.9,15.26
15:27:46.9,15.26
15:27:46.9,15.26
15:27:46.9,15.26
15:27:46.9,15.26
15:27:46.9,15.26
15:27:46.9,15.26
15:27:46.9,15.26
15:27:46.9,15.26
15:27:46.9,15.26
15:27:46.9,15.26
15:27:46.9,15.26
15:27:46.9,15.26
15:27:46.9,15.26
15:27:46.9,15.26
15:27:46.9,15.26
15:27:46.9,15.26
15:27:47.2,15.26
15:27:47.2,15.26
15:27:47.2,15.26
15:27:47.2,15.26
15:27:47.2,15.26
15:27:47.2,15.26
15:27:47.2,15.26
15:27:47.2,15.32
15:27:47.2,15.26
15:27:47.2,15.32
15:27:47.2,15.26
15:27:47.2,15.32
15:27:47.2,15.32
15:27:47.2,15.32
15:27:47.2,15.32
15:27:47.2,15.32
15:27:47.3,15.32
15:27:47.3,15.32
15:27:47.3,15.32
15:27:47.3,15.32
15:27:47.3,15.32
15:27:47.3,15.32
15:27:47.3,15.32
15:27:47.3,15.32
15:27:47.3,15.32
15:27:47.3,15.32
15:27:47.3,15.32
15:27:47.3,15.32
15:27:47.3,15.32
15:27:47.3,15.32
15:27:47.3,15.32
15:27:47.3,15.32
15:27:47.3,15.32
15:27:47.3,15.32
15:27:47.3,15.32
15:27:47.3,15.32
15:27:47.3,15.32
15:27:47.3,15.32
15:27:47.3,15.38
15:27:47.3,15.38
15:27:47.3,15.38
15:27:47.5,15.38
15:27:47.5,15.38
15:27:47.5,15.38
15:27:47.5,15.38
15:27:47.5,15.38
15:27:47.5,15.38
15:27:47.5,15.38
15:27:47.5,15.38
15:27:47.5,15.38
15:27:47.5,15.38
15:27:47.5,15.38
15:27:47.5,15.45
15:27:47.5,15.45
15:27:47.5,15.45
15:27:47.5,15.45
15:27:47.5,15.45
15:27:47.6,15.45
15:27:47.6,15.45
15:27:47.6,15.45
15:27:47.6,15.45
15:27:47.6,15.45
15:27:47.6,15.45
15:27:47.6,15.45
15:27:47.6,15.45
15:27:47.6,15.45
15:27:47.6,15.51
15:27:47.6,15.51
15:27:47.6,15.51
15:27:47.6,15.51
15:27:47.6,15.51
15:27:47.6,15.51
15:27:47.6,15.51
15:27:47.6,15.51
15:27:47.6,15.51
15:27:47.6,15.57
15:27:47.6,15.51
15:27:47.6,15.51
15:27:47.6,15.57
15:27:47.6,15.57
15:27:47.6,15.57
15:27:47.6,15.57
15:27:47.6,15.57
15:27:47.6,15.57
15:27:47.6,15.57
15:27:47.6,15.57
15:27:47.6,15.57
15:27:47.6,15.57
15:27:47.6,15.57
15:27:47.8,15.57
15:27:47.8,15.57
15:27:47.8,15.57
15:27:47.8,15.57
15:27:47.8,15.57
15:27:47.8,15.57
15:27:47.8,15.57
15:27:47.8,15.57
15:27:47.8,15.57
15:27:47.8,15.64
15:27:47.8,15.57
15:27:47.8,15.64
15:27:47.8,15.64
15:27:47.8,15.64
15:27:47.8,15.64
15:27:47.8,15.64
15:27:47.9,15.64
15:27:47.9,15.64
15:27:47.9,15.64
15:27:47.9,15.64
15:27:47.9,15.64
15:27:47.9,15.64
15:27:47.9,15.64
15:27:47.9,15.64
15:27:47.9,15.64
15:27:47.9,15.64
15:27:47.9,15.64
15:27:47.9,15.64
15:27:47.9,15.64
15:27:47.9,15.64
15:27:47.9,15.64
15:27:47.9,15.64
15:27:47.9,15.7
15:27:47.9,15.7
15:27:47.9,15.7
15:27:47.9,15.7
15:27:47.9,15.7
15:27:47.9,15.7
15:27:47.9,15.7
15:27:47.9,15.7
15:27:47.9,15.7
15:27:47.9,15.7
15:27:47.9,15.7
15:27:47.9,15.7
15:27:47.9,15.7
15:27:47.9,15.7
15:27:47.9,15.7
15:27:47.9,15.7
15:27:47.9,15.7
15:27:47.9,15.7
15:27:47.9,15.7
15:27:47.9,15.7
15:27:47.9,15.7
15:27:47.9,15.7
15:27:47.9,15.7
15:27:47.9,15.7
15:27:47.9,15.7
15:27:47.9,15.7
15:27:47.9,15.7
15:27:47.9,15.7
15:27:47.9,15.7
15:27:47.9,15.7
15:27:47.9,15.77
15:27:47.9,15.7
15:27:47.9,15.7
15:27:47.9,15.7
15:27:48.3,15.77
15:27:48.3,15.77
15:27:48.3,15.77
15:27:48.3,15.77
15:27:48.3,15.77
15:27:48.3,15.77
15:27:48.3,15.77
15:27:48.3,15.77
15:27:48.3,15.77
15:27:48.3,15.77
15:27:48.3,15.77
15:27:48.3,15.77
15:27:48.3,15.77
15:27:48.3,15.77
15:27:48.3,15.77
15:27:48.3,15.77
15:27:48.4,15.77
15:27:48.4,15.77
15:27:48.4,15.77
15:27:48.4,15.77
15:27:48.4,15.77
15:27:48.4,15.77
15:27:48.4,15.77
15:27:48.4,15.77
15:27:48.4,15.77
15:27:48.4,15.83
15:27:48.4,15.83
15:27:48.4,15.83
15:27:48.4,15.83
15:27:48.4,15.77
15:27:48.4,15.83
15:27:48.4,15.83
15:27:48.4,15.83
15:27:48.4,15.83
15:27:48.4,15.83
15:27:48.4,15.83
15:27:48.4,15.83
15:27:48.4,15.83
15:27:48.4,15.83
15:27:48.4,15.83
15:27:48.4,15.83
15:27:48.4,15.83
15:27:48.4,15.83
15:27:48.4,15.83
15:27:48.4,15.83
15:27:48.4,15.83
15:27:48.4,15.83
15:27:48.4,15.83
15:27:48.4,15.83
15:27:48.4,15.83
15:27:48.4,15.83
15:27:48.4,15.83
15:27:48.4,15.83
15:27:48.4,15.9
15:27:48.4,15.83
15:27:48.4,15.9
15:27:48.4,15.83
15:27:48.4,15.9
15:27:48.4,15.9
15:27:48.4,15.9
15:27:48.7,15.9
15:27:48.7,15.9
15:27:48.7,15.9
15:27:48.7,15.9
15:27:48.7,15.9
15:27:48.7,15.9
15:27:48.7,15.9
15:27:48.7,15.9
15:27:48.7,15.9
15:27:48.7,15.9
15:27:48.7,15.9
15:27:48.7,15.9
15:27:48.7,15.9
15:27:48.7,15.9
15:27:48.7,15.9
15:27:48.7,15.9
15:27:48.7,15.9
15:27:48.7,15.9
15:27:48.7,15.9
15:27:48.7,15.9
15:27:48.7,15.9
15:27:48.7,15.9
15:27:48.7,15.96
15:27:48.7,15.9
15:27:48.7,15.9
15:27:48.7,15.96
15:27:48.7,15.9
15:27:48.7,15.96
15:27:48.7,15.96
15:27:48.9,15.96
15:27:48.9,15.96
15:27:48.9,15.96
15:27:48.9,15.96
15:27:48.9,15.96
15:27:48.9,15.96
15:27:48.9,15.96
15:27:48.9,15.96
15:27:48.9,15.96
15:27:48.9,15.96
15:27:48.9,15.96
15:27:48.9,15.96
15:27:48.9,15.96
15:27:48.9,15.96
15:27:48.9,15.96
15:27:48.9,15.96
15:27:49.1,15.96
15:27:49.1,15.96
15:27:49.1,15.96
15:27:49.1,15.96
15:27:49.1,15.96
15:27:49.1,15.96
15:27:49.1,15.96
15:27:49.1,15.96
15:27:49.1,15.96
15:27:49.1,15.96
15:27:49.1,15.96
15:27:49.1,15.96
15:27:49.1,15.96
15:27:49.1,15.96
15:27:49.1,15.96
15:27:49.1,15.96
15:27:49.2,15.96
15:27:49.2,15.96
15:27:49.2,15.96
15:27:49.2,15.96
15:27:49.2,15.96
15:27:49.2,15.96
15:27:49.2,15.96
15:27:49.2,15.96
15:27:49.2,15.96
15:27:49.2,15.96
15:27:49.2,15.96
15:27:49.2,15.96
15:27:49.2,15.96
15:27:49.2,15.96
15:27:49.2,15.96
15:27:49.2,15.96
15:27:49.2,15.96
15:27:49.2,15.96
15:27:49.2,15.96
15:27:49.2,15.96
15:27:49.2,15.96
15:27:49.2,15.96
15:27:49.2,15.96
15:27:49.2,15.96
15:27:49.2,15.96
15:27:49.4,15.96
15:27:49.4,15.96
15:27:49.4,15.96
15:27:49.4,15.96
15:27:49.4,15.96
15:27:49.4,15.96
15:27:49.4,15.96
15:27:49.4,15.96
15:27:49.4,15.96
15:27:49.4,15.96
15:27:49.4,15.96
15:27:49.4,15.96
15:27:49.4,15.96
15:27:49.4,15.96
15:27:49.4,15.96
15:27:49.4,15.96
15:27:49.5,15.96
15:27:49.5,15.96
15:27:49.5,15.96
15:27:49.5,15.96
15:27:49.5,15.96
15:27:49.5,16.03
15:27:49.5,15.96
15:27:49.5,15.96
15:27:49.5,15.96
15:27:49.5,16.03
15:27:49.5,15.96
15:27:49.5,15.96
15:27:49.5,16.03
15:27:49.5,15.96
15:27:49.5,16.03
15:27:49.5,15.96
15:27:49.6,16.03
15:27:49.6,15.96
15:27:49.6,16.03
15:27:49.6,15.96
15:27:49.6,16.03
15:27:49.6,16.03
15:27:49.6,15.96
15:27:49.6,16.03
15:27:49.6,15.96
15:27:49.7,16.03
15:27:49.7,16.03
15:27:49.7,16.03
15:27:49.7,16.03
15:27:49.7,15.96
15:27:49.7,16.03
15:27:49.7,15.96
15:27:49.7,16.03
15:27:49.7,15.96
15:27:49.7,15.96
15:27:49.7,15.96
15:27:49.7,16.03
15:27:49.7,16.03
15:27:49.7,15.96
15:27:49.7,16.03
15:27:49.7,15.96
15:27:49.8,16.03
15:27:49.8,15.96
15:27:49.8,15.96
15:27:49.8,16.03
15:27:49.8,15.96
15:27:49.8,16.03
15:27:49.8,16.03
15:27:49.8,16.03
15:27:49.8,15.96
15:27:49.8,16.03
15:27:49.8,16.03
15:27:49.8,16.03
15:27:49.8,16.03
15:27:49.8,15.96
15:27:49.8,16.03
15:27:49.8,15.96
15:27:49.8,16.03
15:27:49.8,15.96
15:27:49.8,15.96
15:27:49.8,16.03
15:27:49.8,15.96
15:27:49.8,16.03
15:27:49.8,15.96
15:27:49.8,16.03
15:27:49.8,15.96
15:27:50.0,15.96
15:27:50.0,15.96
15:27:50.0,15.96
15:27:50.0,15.96
15:27:50.0,15.96
15:27:50.0,16.03
15:27:50.0,15.96
15:27:50.0,15.96
15:27:50.0,15.96
15:27:50.0,15.96
15:27:50.0,15.96
15:27:50.0,15.96
15:27:50.0,15.96
15:27:50.0,15.96
15:27:50.0,15.96
15:27:50.0,15.96
15:27:50.0,15.96
15:27:50.0,15.96
15:27:50.0,15.96
15:27:50.0,15.96
15:27:50.0,15.96
15:27:50.0,15.96
15:27:50.0,15.96
15:27:50.0,15.96
15:27:50.0,15.96
15:27:50.0,15.96
15:27:50.0,15.96
15:27:50.2,15.9
15:27:50.2,15.96
15:27:50.2,15.9
15:27:50.2,15.96
15:27:50.2,15.9
15:27:50.2,15.96
15:27:50.2,15.9
15:27:50.2,15.96
15:27:50.2,15.96
15:27:50.2,15.96
15:27:50.2,15.96
15:27:50.2,15.96
15:27:50.2,15.96
15:27:50.2,15.96
15:27:50.2,15.96
15:27:50.2,15.96
15:27:50.2,15.96
15:27:50.2,15.96
15:27:50.2,15.96
15:27:50.2,15.96
15:27:50.2,15.96
15:27:50.2,15.96
15:27:50.2,15.96
15:27:50.2,15.96
15:27:50.2,15.96
15:27:50.2,15.96
15:27:50.2,15.96
15:27:50.2,15.96
15:27:50.2,15.96
15:27:50.2,15.96
15:27:50.2,15.96
15:27:50.2,15.96
15:27:50.2,15.96
15:27:50.2,15.96
15:27:50.2,15.96
15:27:50.2,15.96
15:27:50.2,15.96
15:27:50.2,15.96
15:27:50.2,15.96
15:27:50.2,15.96
15:27:50.2,15.96
15:27:50.2,15.96
15:27:50.2,15.96
15:27:50.2,15.96
15:27:50.2,15.96
15:27:50.2,15.96
15:27:50.5,15.96
15:27:50.5,15.96
15:27:50.5,15.96
15:27:50.5,15.96
15:27:50.5,15.96
15:27:50.5,15.96
15:27:50.5,15.96
15:27:50.5,15.96
15:27:50.5,15.96
15:27:50.5,15.96
15:27:50.5,15.96
15:27:50.5,15.96
15:27:50.5,15.96
15:27:50.5,15.96
15:27:50.5,15.96
15:27:50.5,15.9
15:27:50.6,15.96
15:27:50.6,15.96
15:27:50.7,15.9
15:27:50.7,15.9
15:27:50.7,15.9
15:27:50.7,15.9
15:27:50.7,15.9
15:27:50.7,15.9
15:27:50.7,15.9
15:27:50.7,15.9
15:27:50.7,15.9
15:27:50.7,15.9
15:27:50.7,15.9
15:27:50.7,15.9
15:27:50.7,15.9
15:27:50.7,15.9
15:27:50.7,15.9
15:27:50.8,15.9
15:27:50.8,15.9
15:27:50.8,15.9
15:27:50.8,15.83
15:27:50.8,15.83
15:27:50.8,15.83
15:27:50.8,15.9
15:27:50.8,15.83
15:27:50.8,15.83
15:27:50.8,15.83
15:27:50.8,15.83
15:27:50.8,15.83
15:27:50.8,15.83
15:27:50.8,15.83
15:27:50.8,15.83
15:27:50.8,15.83
15:27:50.8,15.83
15:27:50.8,15.83
15:27:50.8,15.83
15:27:50.8,15.83
15:27:50.8,15.83
15:27:50.8,15.83
15:27:50.8,15.83
15:27:50.8,15.83
15:27:50.8,15.83
15:27:50.8,15.83
15:27:50.9,15.83
15:27:50.9,15.83
15:27:50.9,15.83
15:27:50.9,15.83
15:27:50.9,15.83
15:27:50.9,15.83
15:27:50.9,15.83
15:27:50.9,15.83
15:27:51.0,15.83
15:27:51.0,15.83
15:27:51.0,15.83
15:27:51.0,15.83
15:27:51.0,15.83
15:27:51.0,15.83
15:27:51.0,15.83
15:27:51.0,15.83
15:27:51.0,15.77
15:27:51.0,15.83
15:27:51.0,15.77
15:27:51.0,15.83
15:27:51.0,15.77
15:27:51.0,15.83
15:27:51.0,15.77
15:27:51.1,15.77
15:27:51.1,15.77
15:27:51.1,15.77
15:27:51.1,15.77
15:27:51.1,15.77
15:27:51.1,15.77
15:27:51.1,15.77
15:27:51.1,15.77
15:27:51.1,15.77
15:27:51.1,15.77
15:27:51.1,15.77
15:27:51.1,15.77
15:27:51.1,15.77
15:27:51.1,15.77
15:27:51.1,15.77
15:27:51.1,15.77
15:27:51.1,15.77
15:27:51.1,15.77
15:27:51.1,15.77
15:27:51.1,15.77
15:27:51.1,15.77
15:27:51.1,15.77
15:27:51.1,15.77
15:27:51.1,15.77
15:27:51.1,15.77
15:27:51.1,15.77
15:27:51.1,15.77
15:27:51.1,15.77
15:27:51.1,15.77
15:27:51.1,15.77
15:27:51.1,15.77
15:27:51.1,15.77
15:27:51.3,15.77
15:27:51.3,15.77
15:27:51.3,15.77
15:27:51.3,15.77
15:27:51.3,15.77
15:27:51.3,15.77
15:27:51.3,15.77
15:27:51.4,15.77
15:27:51.4,15.77
15:27:51.4,15.77
15:27:51.4,15.77
15:27:51.4,15.77
15:27:51.4,15.77
15:27:51.4,15.77
15:27:51.4,15.77
15:27:51.4,15.77
15:27:51.4,15.77
15:27:51.4,15.77
15:27:51.4,15.7
15:27:51.4,15.77
15:27:51.4,15.7
15:27:51.4,15.77
15:27:51.4,15.7
15:27:51.4,15.77
15:27:51.4,15.7
15:27:51.5,15.7
15:27:51.5,15.7
15:27:51.5,15.7
15:27:51.5,15.7
15:27:51.5,15.7
15:27:51.5,15.7
15:27:51.5,15.7
15:27:51.6,15.7
15:27:51.6,15.7
15:27:51.6,15.7
15:27:51.6,15.7
15:27:51.6,15.7
15:27:51.6,15.7
15:27:51.6,15.7
15:27:51.6,15.7
15:27:51.6,15.7
15:27:51.6,15.7
15:27:51.6,15.7
15:27:51.6,15.64
15:27:51.6,15.7
15:27:51.6,15.64
15:27:51.6,15.7
15:27:51.6,15.64
15:27:51.6,15.64
15:27:51.6,15.64
15:27:51.6,15.64
15:27:51.6,15.64
15:27:51.6,15.64
15:27:51.6,15.64
15:27:51.6,15.64
15:27:51.6,15.64
15:27:51.6,15.64
15:27:51.7,15.64
15:27:51.7,15.64
15:27:51.7,15.64
15:27:51.7,15.64
15:27:51.7,15.64
15:27:51.7,15.64
15:27:51.7,15.64
15:27:51.8,15.64
15:27:51.8,15.64
15:27:51.8,15.64
15:27:51.8,15.64
15:27:51.8,15.64
15:27:51.8,15.64
15:27:51.8,15.64
15:27:51.8,15.64
15:27:51.8,15.64
15:27:51.9,15.64
15:27:51.9,15.64
15:27:51.9,15.64
15:27:51.9,15.64
15:27:51.9,15.64
15:27:51.9,15.7
15:27:51.9,15.64
15:27:51.9,15.64
15:27:51.9,15.64
15:27:51.9,15.64
15:27:51.9,15.64
15:27:51.9,15.64
15:27:51.9,15.7
15:27:51.9,15.64
15:27:51.9,15.7
15:27:51.9,15.7
15:27:51.9,15.7
15:27:51.9,15.7
15:27:51.9,15.7
15:27:51.9,15.7
15:27:51.9,15.7
15:27:51.9,15.7
15:27:51.9,15.64
15:27:51.9,15.7
15:27:51.9,15.7
15:27:51.9,15.7
15:27:51.9,15.7
15:27:51.9,15.64
15:27:51.9,15.7
15:27:51.9,15.64
15:27:51.9,15.7
15:27:51.9,15.7
15:27:51.9,15.7
15:27:51.9,15.7
15:27:51.9,15.7
15:27:51.9,15.7
15:27:51.9,15.64
15:27:51.9,15.7
15:27:51.9,15.64
15:27:51.9,15.7
15:27:51.9,15.64
15:27:52.2,15.64
15:27:52.2,15.64
15:27:52.2,15.64
15:27:52.2,15.64
15:27:52.2,15.64
15:27:52.2,15.64
15:27:52.2,15.64
15:27:52.2,15.64
15:27:52.2,15.64
15:27:52.2,15.64
15:27:52.2,15.64
15:27:52.2,15.64
15:27:52.2,15.64
15:27:52.2,15.64
15:27:52.2,15.64
15:27:52.2,15.64
15:27:52.3,15.57
15:27:52.3,15.64
15:27:52.3,15.57
15:27:52.3,15.57
15:27:52.3,15.57
15:27:52.3,15.57
15:27:52.3,15.57
15:27:52.3,15.57
15:27:52.3,15.57
15:27:52.3,15.57
15:27:52.3,15.57
15:27:52.3,15.57
15:27:52.3,15.57
15:27:52.3,15.57
15:27:52.3,15.57
15:27:52.3,15.57
15:27:52.4,15.57
15:27:52.4,15.57
15:27:52.4,15.57
15:27:52.4,15.57
15:27:52.4,15.57
15:27:52.4,15.57
15:27:52.4,15.57
15:27:52.4,15.57
15:27:52.4,15.57
15:27:52.4,15.51
15:27:52.4,15.51
15:27:52.4,15.51
15:27:52.4,15.51
15:27:52.4,15.51
15:27:52.4,15.51
15:27:52.4,15.51
15:27:52.4,15.51
15:27:52.4,15.51
15:27:52.4,15.51
15:27:52.4,15.51
15:27:52.4,15.51
15:27:52.4,15.51
15:27:52.4,15.51
15:27:52.4,15.51
15:27:52.4,15.51
15:27:52.4,15.51
15:27:52.4,15.51
15:27:52.4,15.51
15:27:52.4,15.51
15:27:52.4,15.51
15:27:52.4,15.51
15:27:52.4,15.51
15:27:52.6,15.51
15:27:52.6,15.51
15:27:52.6,15.51
15:27:52.6,15.51
15:27:52.6,15.51
15:27:52.6,15.51
15:27:52.6,15.51
15:27:52.6,15.51
15:27:52.6,15.51
15:27:52.7,15.51
15:27:52.7,15.51
15:27:52.7,15.51
15:27:52.7,15.51
15:27:52.7,15.51
15:27:52.7,15.51
15:27:52.7,15.51
15:27:52.7,15.51
15:27:52.7,15.51
15:27:52.7,15.51
15:27:52.7,15.51
15:27:52.7,15.51
15:27:52.7,15.51
15:27:52.7,15.51
15:27:52.7,15.51
15:27:52.7,15.51
15:27:52.7,15.51
15:27:52.7,15.51
15:27:52.7,15.51
15:27:52.7,15.51
15:27:52.7,15.51
15:27:52.7,15.51
15:27:52.7,15.51
15:27:52.7,15.51
15:27:52.7,15.51
15:27:52.7,15.51
15:27:52.7,15.51
15:27:52.7,15.51
15:27:52.7,15.51
15:27:52.7,15.51
15:27:52.7,15.51
15:27:52.7,15.51
15:27:52.7,15.51
15:27:52.7,15.51
15:27:52.7,15.51
15:27:52.7,15.51
15:27:52.7,15.51
15:27:52.7,15.51
15:27:52.7,15.51
15:27:52.7,15.51
15:27:52.7,15.51
15:27:53.0,15.51
15:27:53.0,15.51
15:27:53.0,15.45
15:27:53.0,15.51
15:27:53.0,15.45
15:27:53.0,15.45
15:27:53.0,15.45
15:27:53.0,15.45
15:27:53.0,15.45
15:27:53.0,15.45
15:27:53.0,15.51
15:27:53.0,15.45
15:27:53.0,15.45
15:27:53.0,15.45
15:27:53.0,15.45
15:27:53.0,15.45
15:27:53.0,15.45
15:27:53.0,15.45
15:27:53.0,15.45
15:27:53.0,15.45
15:27:53.0,15.45
15:27:53.0,15.45
15:27:53.0,15.45
15:27:53.0,15.45
15:27:53.0,15.45
15:27:53.2,15.45
15:27:53.2,15.45
15:27:53.2,15.45
15:27:53.2,15.45
15:27:53.2,15.45
15:27:53.2,15.45
15:27:53.2,15.45
15:27:53.2,15.45
15:27:53.2,15.45
15:27:53.2,15.45
15:27:53.2,15.45
15:27:53.2,15.45
15:27:53.2,15.45
15:27:53.2,15.45
15:27:53.2,15.45
15:27:53.2,15.45
15:27:53.3,15.45
15:27:53.3,15.45
15:27:53.3,15.45
15:27:53.3,15.45
15:27:53.3,15.45
15:27:53.3,15.45
15:27:53.3,15.45
15:27:53.3,15.45
15:27:53.3,15.45
15:27:53.3,15.45
15:27:53.3,15.45
15:27:53.3,15.45
15:27:53.3,15.45
15:27:53.3,15.45
15:27:53.3,15.45
15:27:53.3,15.45
15:27:53.4,15.45
15:27:53.4,15.45
15:27:53.4,15.38
15:27:53.4,15.45
15:27:53.4,15.38
15:27:53.4,15.45
15:27:53.4,15.45
15:27:53.5,15.45
15:27:53.5,15.45
15:27:53.5,15.45
15:27:53.5,15.45
15:27:53.5,15.45
15:27:53.5,15.45
15:27:53.5,15.45
15:27:53.5,15.45
15:27:53.5,15.45
15:27:53.5,15.45
15:27:53.5,15.45
15:27:53.5,15.45
15:27:53.5,15.45
15:27:53.5,15.45
15:27:53.5,15.45
15:27:53.5,15.45
15:27:53.5,15.45
15:27:53.5,15.45
15:27:53.5,15.45
15:27:53.5,15.45
15:27:53.5,15.45
15:27:53.5,15.45
15:27:53.5,15.45
15:27:53.5,15.45
15:27:53.5,15.45
15:27:53.5,15.45
15:27:53.5,15.45
15:27:53.5,15.45
15:27:53.5,15.45
15:27:53.5,15.45
15:27:53.5,15.51
15:27:53.5,15.45
15:27:53.5,15.51
15:27:53.5,15.51
15:27:53.5,15.51
15:27:53.7,15.51
15:27:53.7,15.51
15:27:53.7,15.51
15:27:53.7,15.51
15:27:53.7,15.51
15:27:53.7,15.51
15:27:53.8,15.51
15:27:53.8,15.51
15:27:53.8,15.51
15:27:53.8,15.51
15:27:53.8,15.51
15:27:53.8,15.57
15:27:53.8,15.57
15:27:53.8,15.57
15:27:53.8,15.57
15:27:53.8,15.57
15:27:53.8,15.57
15:27:53.8,15.57
15:27:53.8,15.57
15:27:53.8,15.57
15:27:53.8,15.57
15:27:53.8,15.57
15:27:53.8,15.57
15:27:53.8,15.57
15:27:53.8,15.57
15:27:53.8,15.64
15:27:53.8,15.57
15:27:53.8,15.64
15:27:53.8,15.64
15:27:53.8,15.64
15:27:53.8,15.64
15:27:53.9,15.64
15:27:53.9,15.64
15:27:53.9,15.64
15:27:53.9,15.64
15:27:53.9,15.64
15:27:53.9,15.64
15:27:53.9,15.64
15:27:53.9,15.64
15:27:53.9,15.7
15:27:53.9,15.64
15:27:53.9,15.7
15:27:53.9,15.64
15:27:53.9,15.7
15:27:53.9,15.7
15:27:53.9,15.7
15:27:53.9,15.7
15:27:54.1,15.7
15:27:54.1,15.7
15:27:54.1,15.7
15:27:54.1,15.7
15:27:54.1,15.7
15:27:54.1,15.7
15:27:54.1,15.7
15:27:54.1,15.7
15:27:54.1,15.7
15:27:54.1,15.7
15:27:54.1,15.7
15:27:54.1,15.7
15:27:54.1,15.7
15:27:54.1,15.7
15:27:54.1,15.7
15:27:54.1,15.7
15:27:54.1,15.7
15:27:54.1,15.7
15:27:54.1,15.7
15:27:54.1,15.7
15:27:54.1,15.7
15:27:54.1,15.7
15:27:54.1,15.7
15:27:54.1,15.7
15:27:54.1,15.7
15:27:54.2,15.7
15:27:54.2,15.7
15:27:54.2,15.7
15:27:54.2,15.7
15:27:54.2,15.7
15:27:54.2,15.7
15:27:54.2,15.7
15:27:54.2,15.7
15:27:54.2,15.7
15:27:54.2,15.7
15:27:54.2,15.7
15:27:54.2,15.7
15:27:54.2,15.7
15:27:54.2,15.7
15:27:54.2,15.7
15:27:54.2,15.7
15:27:54.4,15.7
15:27:54.4,15.7
15:27:54.4,15.7
15:27:54.4,15.7
15:27:54.4,15.7
15:27:54.4,15.7
15:27:54.4,15.7
15:27:54.4,15.7
15:27:54.4,15.7
15:27:54.4,15.64
15:27:54.4,15.7
15:27:54.4,15.64
15:27:54.4,15.64
15:27:54.4,15.64
15:27:54.4,15.64
15:27:54.4,15.64
15:27:54.5,15.64
15:27:54.5,15.64
15:27:54.5,15.64
15:27:54.5,15.64
15:27:54.5,15.57
15:27:54.5,15.57
15:27:54.5,15.57
15:27:54.5,15.57
15:27:54.5,15.57
15:27:54.5,15.57
15:27:54.5,15.57
15:27:54.5,15.51
15:27:54.5,15.57
15:27:54.5,15.51
15:27:54.5,15.51
15:27:54.5,15.51
15:27:54.6,15.51
15:27:54.6,15.51
15:27:54.6,15.51
15:27:54.6,15.51
15:27:54.6,15.45
15:27:54.6,15.45
15:27:54.6,15.45
15:27:54.6,15.45
15:27:54.6,15.45
15:27:54.6,15.45
15:27:54.6,15.45
15:27:54.6,15.45
15:27:54.6,15.45
15:27:54.6,15.45
15:27:54.6,15.45
15:27:54.6,15.45
15:27:54.6,15.45
15:27:54.6,15.45
15:27:54.6,15.45
15:27:54.6,15.45
15:27:54.8,15.45
15:27:54.8,15.45
15:27:54.8,15.45
15:27:54.8,15.45
15:27:54.8,15.45
15:27:54.8,15.38
15:27:54.8,15.45
15:27:54.8,15.38
15:27:54.8,15.45
15:27:54.8,15.38
15:27:54.8,15.38
15:27:54.8,15.38
15:27:54.8,15.38
15:27:54.8,15.38
15:27:54.8,15.38
15:27:54.8,15.38
15:27:54.8,15.38
15:27:54.8,15.38
15:27:54.8,15.38
15:27:54.8,15.38
15:27:54.8,15.38
15:27:54.9,15.38
15:27:54.9,15.38
15:27:54.9,15.38
15:27:54.9,15.38
15:27:54.9,15.38
15:27:54.9,15.38
15:27:54.9,15.38
15:27:54.9,15.38
15:27:54.9,15.38
15:27:54.9,15.38
15:27:54.9,15.38
15:27:54.9,15.32
15:27:54.9,15.38
15:27:54.9,15.32
15:27:54.9,15.32
15:27:54.9,15.32
15:27:55.0,15.32
15:27:55.0,15.32
15:27:55.0,15.32
15:27:55.0,15.32
15:27:55.0,15.32
15:27:55.0,15.32
15:27:55.0,15.32
15:27:55.0,15.32
15:27:55.0,15.32
15:27:55.1,15.32
15:27:55.1,15.32
15:27:55.1,15.32
15:27:55.1,15.32
15:27:55.1,15.32
15:27:55.1,15.32
15:27:55.1,15.32
15:27:55.1,15.26
15:27:55.1,15.32
15:27:55.1,15.26
15:27:55.1,15.32
15:27:55.1,15.26
15:27:55.1,15.26
15:27:55.1,15.26
15:27:55.1,15.26
15:27:55.1,15.26
15:27:55.1,15.26
15:27:55.1,15.26
15:27:55.1,15.26
15:27:55.2,15.26
15:27:55.2,15.26
15:27:55.2,15.26
15:27:55.3,15.26
15:27:55.3,15.26
15:27:55.3,15.26
15:27:55.3,15.26
15:27:55.3,15.26
15:27:55.3,15.26
15:27:55.3,15.26
15:27:55.3,15.26
15:27:55.3,15.26
15:27:55.3,15.26
15:27:55.3,15.26
15:27:55.3,15.26
15:27:55.3,15.26
15:27:55.3,15.26
15:27:55.3,15.26
15:27:55.3,15.26
15:27:55.3,15.26
15:27:55.3,15.26
15:27:55.3,15.26
15:27:55.3,15.26
15:27:55.3,15.26
15:27:55.3,15.26
15:27:55.3,15.26
15:27:55.3,15.26
15:27:55.3,15.26
15:27:55.3,15.26
15:27:55.3,15.26
15:27:55.3,15.26
15:27:55.3,15.26
15:27:55.3,15.26
15:27:55.3,15.26
15:27:55.3,15.26
15:27:55.3,15.26
15:27:55.3,15.26
15:27:55.3,15.26
15:27:55.5,15.26
15:27:55.5,15.26
15:27:55.5,15.26
15:27:55.5,15.26
15:27:55.5,15.26
15:27:55.5,15.26
15:27:55.5,15.26
15:27:55.5,15.26
15:27:55.5,15.26
15:27:55.5,15.26
15:27:55.5,15.26
15:27:55.5,15.26
15:27:55.5,15.26
15:27:55.5,15.26
15:27:55.5,15.26
15:27:55.5,15.26
15:27:55.6,15.26
15:27:55.6,15.26
15:27:55.6,15.26
15:27:55.6,15.26
15:27:55.6,15.26
15:27:55.6,15.26
15:27:55.6,15.26
15:27:55.6,15.26
15:27:55.6,15.26
15:27:55.6,15.26
15:27:55.6,15.26
15:27:55.6,15.26
15:27:55.6,15.26
15:27:55.6,15.26
15:27:55.6,15.26
15:27:55.6,15.26
15:27:55.6,15.26
15:27:55.6,15.26
15:27:55.6,15.2
15:27:55.6,15.26
15:27:55.6,15.2
15:27:55.6,15.26
15:27:55.6,15.2
15:27:55.6,15.2
15:27:55.6,15.2
15:27:55.8,15.2
15:27:55.8,15.2
15:27:55.8,15.2
15:27:55.8,15.2
15:27:55.8,15.2
15:27:55.8,15.2
15:27:55.8,15.2
15:27:55.8,15.2
15:27:55.8,15.2
15:27:55.8,15.2
15:27:55.8,15.2
15:27:55.8,15.2
15:27:55.8,15.2
15:27:55.8,15.2
15:27:55.8,15.2
15:27:55.8,15.2
15:27:55.9,15.2
15:27:55.9,15.2
15:27:55.9,15.2
15:27:55.9,15.2
15:27:55.9,15.2
15:27:55.9,15.2
15:27:55.9,15.2
15:27:55.9,15.2
15:27:55.9,15.2
15:27:55.9,15.2
15:27:55.9,15.2
15:27:55.9,15.2
15:27:55.9,15.2
15:27:55.9,15.2
15:27:55.9,15.14
15:27:55.9,15.2
15:27:56.0,15.2
15:27:56.0,15.2
15:27:56.0,15.2
15:27:56.0,15.2
15:27:56.0,15.2
15:27:56.0,15.2
15:27:56.0,15.2
15:27:56.1,15.2
15:27:56.1,15.2
15:27:56.1,15.2
15:27:56.1,15.2
15:27:56.1,15.2
15:27:56.1,15.2
15:27:56.1,15.2
15:27:56.1,15.2
15:27:56.1,15.2
15:27:56.1,15.2
15:27:56.1,15.2
15:27:56.1,15.2
15:27:56.1,15.2
15:27:56.1,15.2
15:27:56.1,15.2
15:27:56.1,15.2
15:27:56.1,15.2
15:27:56.1,15.2
15:27:56.2,15.2
15:27:56.2,15.2
15:27:56.2,15.2
15:27:56.2,15.2
15:27:56.2,15.2
15:27:56.2,15.2
15:27:56.2,15.2
15:27:56.2,15.2
15:27:56.2,15.2
15:27:56.2,15.2
15:27:56.2,15.2
15:27:56.2,15.2
15:27:56.2,15.2
15:27:56.2,15.2
15:27:56.2,15.2
15:27:56.2,15.2
15:27:56.3,15.2
15:27:56.3,15.2
15:27:56.3,15.2
15:27:56.3,15.2
15:27:56.3,15.2
15:27:56.3,15.2
15:27:56.3,15.2
15:27:56.3,15.2
15:27:56.3,15.2
15:27:56.3,15.2
15:27:56.3,15.2
15:27:56.3,15.2
15:27:56.3,15.2
15:27:56.3,15.2
15:27:56.3,15.2
15:27:56.3,15.2
15:27:56.4,15.2
15:27:56.4,15.2
15:27:56.4,15.2
15:27:56.4,15.2
15:27:56.4,15.2
15:27:56.4,15.2
15:27:56.4,15.2
15:27:56.4,15.2
15:27:56.4,15.2
15:27:56.4,15.2
15:27:56.4,15.2
15:27:56.4,15.2
15:27:56.4,15.2
15:27:56.4,15.2
15:27:56.4,15.2
15:27:56.4,15.2
15:27:56.4,15.2
15:27:56.4,15.2
15:27:56.4,15.2
15:27:56.4,15.2
15:27:56.4,15.2
15:27:56.4,15.2
15:27:56.4,15.2
15:27:56.4,15.2
15:27:56.4,15.2
15:27:56.6,15.2
15:27:56.6,15.2
15:27:56.6,15.2
15:27:56.6,15.2
15:27:56.6,15.2
15:27:56.6,15.2
15:27:56.6,15.2
15:27:56.7,15.2
15:27:56.7,15.2
15:27:56.7,15.2
15:27:56.7,15.2
15:27:56.7,15.2
15:27:56.7,15.2
15:27:56.7,15.2
15:27:56.7,15.2
15:27:56.7,15.2
15:27:56.7,15.2
15:27:56.7,15.2
15:27:56.7,15.2
15:27:56.7,15.2
15:27:56.7,15.2
15:27:56.7,15.2
15:27:56.7,15.2
15:27:56.8,15.2
15:27:56.8,15.2
15:27:56.8,15.2
15:27:56.8,15.2
15:27:56.8,15.2
15:27:56.8,15.2
15:27:56.8,15.2
15:27:56.8,15.2
15:27:56.8,15.2
15:27:56.9,15.2
15:27:56.9,15.2
15:27:56.9,15.2
15:27:56.9,15.2
15:27:56.9,15.2
15:27:56.9,15.2
15:27:56.9,15.2
15:27:56.9,15.2
15:27:56.9,15.2
15:27:56.9,15.2
15:27:56.9,15.2
15:27:56.9,15.2
15:27:56.9,15.2
15:27:56.9,15.2
15:27:56.9,15.2
15:27:56.9,15.2
15:27:57.0,15.2
15:27:57.0,15.2
15:27:57.0,15.2
15:27:57.0,15.2
15:27:57.0,15.2
15:27:57.0,15.2
15:27:57.0,15.2
15:27:57.0,15.2
15:27:57.0,15.2
15:27:57.0,15.2
15:27:57.0,15.2
15:27:57.0,15.2
15:27:57.0,15.2
15:27:57.0,15.2
15:27:57.0,15.2
15:27:57.0,15.2
15:27:57.1,15.14
15:27:57.1,15.2
15:27:57.1,15.14
15:27:57.1,15.2
15:27:57.1,15.2
15:27:57.1,15.14
15:27:57.1,15.2
15:27:57.1,15.14
15:27:57.1,15.2
15:27:57.2,15.14
15:27:57.2,15.2
15:27:57.2,15.14
15:27:57.2,15.14
15:27:57.2,15.14
15:27:57.2,15.14
15:27:57.2,15.14
15:27:57.2,15.14
15:27:57.2,15.2
15:27:57.2,15.14
15:27:57.2,15.14
15:27:57.2,15.14
15:27:57.2,15.14
15:27:57.2,15.14
15:27:57.2,15.14
15:27:57.2,15.14
15:27:57.3,15.14
15:27:57.3,15.14
15:27:57.3,15.14
15:27:57.3,15.14
15:27:57.3,15.14
15:27:57.3,15.14
15:27:57.3,15.14
15:27:57.3,15.14
15:27:57.3,15.2
15:27:57.3,15.14
15:27:57.3,15.14
15:27:57.3,15.14
15:27:57.3,15.14
15:27:57.3,15.2
15:27:57.3,15.14
15:27:57.3,15.2
15:27:57.4,15.14
15:27:57.4,15.2
15:27:57.4,15.2
15:27:57.4,15.2
15:27:57.4,15.2
15:27:57.4,15.2
15:27:57.4,15.2
15:27:57.4,15.2
15:27:57.4,15.2
15:27:57.4,15.2
15:27:57.4,15.2
15:27:57.4,15.2
15:27:57.4,15.2
15:27:57.4,15.2
15:27:57.4,15.2
15:27:57.4,15.2
15:27:57.5,15.2
15:27:57.5,15.2
15:27:57.5,15.2
15:27:57.5,15.2
15:27:57.5,15.2
15:27:57.5,15.2
15:27:57.5,15.2
15:27:57.5,15.2
15:27:57.5,15.2
15:27:57.6,15.2
15:27:57.6,15.2
15:27:57.6,15.2
15:27:57.6,15.2
15:27:57.6,15.2
15:27:57.6,15.2
15:27:57.6,15.2
15:27:57.6,15.2
15:27:57.6,15.2
15:27:57.6,15.2
15:27:57.6,15.2
15:27:57.6,15.2
15:27:57.6,15.2
15:27:57.6,15.2
15:27:57.6,15.2
15:27:57.6,15.2
15:27:57.6,15.2
15:27:57.6,15.2
15:27:57.6,15.2
15:27:57.6,15.2
15:27:57.6,15.2
15:27:57.6,15.2
15:27:57.6,15.2
15:27:57.7,15.2
15:27:57.7,15.2
15:27:57.7,15.2
15:27:57.7,15.2
15:27:57.7,15.2
15:27:57.7,15.14
15:27:57.7,15.14
15:27:57.7,15.14
15:27:57.7,15.14
15:27:57.8,15.14
15:27:57.8,15.14
15:27:57.8,15.14
15:27:57.8,15.14
15:27:57.8,15.14
15:27:57.8,15.14
15:27:57.8,15.14
15:27:57.8,15.14
15:27:57.8,15.14
15:27:57.8,15.14
15:27:57.8,15.14
15:27:57.8,15.14
15:27:57.8,15.14
15:27:57.8,15.14
15:27:57.8,15.14
15:27:57.8,15.14
15:27:57.8,15.14
15:27:57.8,15.14
15:27:57.8,15.14
15:27:57.8,15.14
15:27:57.8,15.14
15:27:57.8,15.14
15:27:57.8,15.14
15:27:57.8,15.14
15:27:57.8,15.14
15:27:57.8,15.07
15:27:57.8,15.07
15:27:57.8,15.07
15:27:57.8,15.07
15:27:57.8,15.07
15:27:57.8,15.07
15:27:57.8,15.07
15:27:57.8,15.07
15:27:57.8,15.07
15:27:57.8,15.07
15:27:57.8,15.07
15:27:57.8,15.07
15:27:57.8,15.07
15:27:57.8,15.07
15:27:57.8,15.07
15:27:57.8,15.07
15:27:57.8,15.07
15:27:57.8,15.07
15:27:57.8,15.07
15:27:57.8,15.07
15:27:57.8,15.07
15:27:57.8,15.07
15:27:57.8,15.07
15:27:57.8,15.07
15:27:57.8,15.07
15:27:58.2,15.07
15:27:58.2,15.07
15:27:58.2,15.07
15:27:58.2,15.07
15:27:58.2,15.07
15:27:58.2,15.07
15:27:58.2,15.07
15:27:58.2,15.07
15:27:58.2,15.07
15:27:58.2,15.07
15:27:58.2,15.07
15:27:58.2,15.07
15:27:58.2,15.07
15:27:58.2,15.07
15:27:58.2,15.07
15:27:58.2,15.07
15:27:58.2,15.07
15:27:58.2,15.07
15:27:58.2,15.07
15:27:58.2,15.07
15:27:58.2,15.07
15:27:58.2,15.07
15:27:58.2,15.07
15:27:58.2,15.07
15:27:58.2,15.07
15:27:58.2,15.07
15:27:58.2,15.07
15:27:58.2,15.07
15:27:58.2,15.07
15:27:58.2,15.07
15:27:58.2,15.07
15:27:58.2,15.07
15:27:58.2,15.07
15:27:58.2,15.07
15:27:58.2,15.07
15:27:58.2,15.07
15:27:58.2,15.07
15:27:58.2,15.07
15:27:58.2,15.07
15:27:58.2,15.07
15:27:58.2,15.07
15:27:58.2,15.07
15:27:58.2,15.07
15:27:58.2,15.07
15:27:58.2,15.01
15:27:58.2,15.07
15:27:58.2,15.07
15:27:58.2,15.07
15:27:58.5,15.07
15:27:58.5,15.07
15:27:58.5,15.07
15:27:58.5,15.01
15:27:58.5,15.07
15:27:58.5,15.01
15:27:58.5,15.07
15:27:58.5,15.01
15:27:58.5,15.07
15:27:58.6,15.01
15:27:58.6,15.01
15:27:58.6,15.07
15:27:58.6,15.01
15:27:58.6,15.07
15:27:58.6,15.01
15:27:58.6,15.07
15:27:58.6,15.01
15:27:58.6,15.01
15:27:58.6,15.07
15:27:58.6,15.01
15:27:58.6,15.07
15:27:58.6,15.01
15:27:58.6,15.07
15:27:58.6,15.01
15:27:58.6,15.07
15:27:58.6,15.01
15:27:58.6,15.01
15:27:58.6,15.01
15:27:58.6,15.01
15:27:58.6,15.07
15:27:58.6,15.01
15:27:58.6,15.01
15:27:58.6,15.01
15:27:58.6,15.01
15:27:58.6,15.01
15:27:58.6,15.01
15:27:58.6,15.01
15:27:58.6,15.01
15:27:58.6,15.01
15:27:58.6,15.01
15:27:58.6,15.01
15:27:58.8,15.01
15:27:58.8,15.01
15:27:58.8,15.01
15:27:58.8,15.01
15:27:58.8,15.01
15:27:58.8,15.01
15:27:58.8,15.01
15:27:58.8,15.01
15:27:58.8,15.01
15:27:58.8,15.01
15:27:58.8,15.01
15:27:58.8,15.01
15:27:58.8,15.01
15:27:58.8,15.01
15:27:58.8,15.01
15:27:58.8,15.01
15:27:58.8,15.01
15:27:58.8,15.01
15:27:58.8,15.01
15:27:58.8,15.01
15:27:58.8,15.01
15:27:58.8,15.01
15:27:58.8,15.01
15:27:58.8,15.01
15:27:58.8,15.01
15:27:58.8,15.01
15:27:58.8,15.01
15:27:58.8,15.01
15:27:58.8,15.01
15:27:58.8,15.01
15:27:58.8,15.01
15:27:58.8,15.01
15:27:58.8,15.01
15:27:58.8,15.01
15:27:58.8,15.01
15:27:58.8,15.01
15:27:58.8,15.01
15:27:58.8,15.01
15:27:58.8,15.01
15:27:58.8,15.01
15:27:58.8,15.01
15:27:58.8,15.01
15:27:58.8,15.01
15:27:58.8,15.01
15:27:58.8,15.01
15:27:58.8,15.01
15:27:58.8,15.01
15:27:58.8,15.01
15:27:58.8,15.01
15:27:58.8,15.01
15:27:58.8,15.01
15:27:58.8,15.01
15:27:58.8,15.01
15:27:58.8,15.01
15:27:58.8,15.01
15:27:58.8,15.01
15:27:58.8,15.07
15:27:59.2,15.01
15:27:59.2,15.01
15:27:59.2,15.01
15:27:59.2,15.01
15:27:59.2,15.07
15:27:59.2,15.01
15:27:59.2,15.01
15:27:59.2,15.01
15:27:59.2,15.01
15:27:59.2,15.01
15:27:59.2,15.01
15:27:59.2,15.07
15:27:59.2,15.01
15:27:59.2,15.07
15:27:59.2,15.01
15:27:59.2,15.07
15:27:59.4,15.01
15:27:59.4,15.01
15:27:59.4,15.07
15:27:59.4,15.01
15:27:59.4,15.07
15:27:59.4,15.01
15:27:59.4,15.07
15:27:59.4,15.01
15:27:59.4,15.07
15:27:59.4,15.01
15:27:59.4,15.01
15:27:59.4,15.07
15:27:59.4,15.01
15:27:59.4,15.07
15:27:59.4,15.01
15:27:59.4,15.07
15:27:59.5,15.01
15:27:59.5,15.01
15:27:59.5,15.01
15:27:59.5,15.01
15:27:59.5,15.01
15:27:59.5,15.01
15:27:59.5,15.01
15:27:59.5,15.01
15:27:59.5,15.01
15:27:59.5,15.01
15:27:59.5,15.01
15:27:59.5,15.01
15:27:59.5,15.01
15:27:59.5,15.01
15:27:59.5,15.01
15:27:59.5,15.01
15:27:59.5,15.01
15:27:59.5,15.01
15:27:59.5,15.01
15:27:59.5,15.01
15:27:59.5,15.01
15:27:59.5,15.01
15:27:59.5,15.01
15:27:59.5,15.01
15:27:59.5,15.01
15:27:59.5,15.01
15:27:59.5,15.01
15:27:59.5,15.01
15:27:59.5,15.01
15:27:59.5,15.01
15:27:59.5,15.01
15:27:59.5,15.01
15:27:59.5,15.01
15:27:59.5,15.01
15:27:59.5,15.01
15:27:59.5,15.01
15:27:59.5,15.01
15:27:59.5,15.01
15:27:59.5,15.01
15:27:59.5,15.01
15:27:59.5,15.01
15:27:59.8,15.01
15:27:59.8,15.01
15:27:59.8,15.01
15:27:59.8,15.01
15:27:59.8,15.01
15:27:59.8,14.95
15:27:59.8,15.01
15:27:59.8,15.01
15:27:59.8,15.01
15:27:59.8,15.01
15:27:59.8,15.01
15:27:59.8,15.01
15:27:59.8,15.01
15:27:59.8,15.01
15:27:59.8,15.01
15:27:59.8,15.01
15:27:59.9,15.01
15:27:59.9,15.01
15:27:59.9,15.01
15:27:59.9,14.95
15:27:59.9,15.01
15:27:59.9,14.95
15:27:59.9,15.01
15:27:59.9,14.95
15:27:59.9,14.95
15:27:59.9,14.95
15:27:59.9,14.95
15:27:59.9,14.95
15:27:59.9,14.95
15:27:59.9,14.95
15:27:59.9,14.95
15:27:59.9,15.01
15:27:59.9,14.95
15:27:59.9,14.95
15:28:00.0,14.95
15:28:00.0,14.95
15:28:00.0,14.95
15:28:00.0,14.95
15:28:00.0,14.95
15:28:00.0,14.95
15:28:00.0,14.95
15:28:00.1,14.95
15:28:00.1,14.95
15:28:00.1,14.95
15:28:00.1,14.95
15:28:00.1,15.01
15:28:00.1,14.95
15:28:00.1,14.95
15:28:00.1,14.95
15:28:00.1,14.95
15:28:00.1,14.95
15:28:00.1,14.95
15:28:00.1,14.95
15:28:00.1,14.95
15:28:00.1,14.95
15:28:00.1,14.95
15:28:00.1,14.95
15:28:00.1,14.95
15:28:00.1,14.95
15:28:00.1,14.95
15:28:00.1,14.95
15:28:00.1,14.95
15:28:00.1,14.95
15:28:00.1,14.95
15:28:00.1,14.95
15:28:00.1,14.95
15:28:00.3,14.95
15:28:00.3,14.95
15:28:00.3,14.95
15:28:00.3,14.95
15:28:00.3,14.95
15:28:00.3,14.95
15:28:00.3,14.95
15:28:00.3,14.95
15:28:00.3,14.95
15:28:00.3,14.95
15:28:00.3,14.95
15:28:00.3,14.95
15:28:00.3,14.95
15:28:00.3,14.95
15:28:00.3,14.95
15:28:00.3,14.95
15:28:00.3,14.95
15:28:00.3,14.95
15:28:00.3,14.95
15:28:00.3,14.95
15:28:00.3,14.95
15:28:00.3,14.95
15:28:00.3,14.95
15:28:00.4,14.95
15:28:00.4,14.95
15:28:00.4,15.01
15:28:00.4,14.95
15:28:00.4,15.01
15:28:00.4,14.95
15:28:00.4,15.01
15:28:00.4,15.01
15:28:00.4,15.01
15:28:00.5,15.01
15:28:00.5,15.01
15:28:00.5,15.01
15:28:00.5,15.01
15:28:00.5,15.01
15:28:00.5,15.01
15:28:00.5,15.01
15:28:00.5,15.01
15:28:00.5,15.01
15:28:00.5,15.01
15:28:00.5,15.01
15:28:00.5,15.01
15:28:00.5,15.01
15:28:00.5,15.01
15:28:00.5,15.01
15:28:00.5,15.01
15:28:00.6,15.01
15:28:00.6,15.01
15:28:00.6,15.01
15:28:00.6,15.01
15:28:00.6,15.01
15:28:00.6,15.01
15:28:00.6,15.01
15:28:00.6,15.01
15:28:00.6,15.01
15:28:00.6,15.01
15:28:00.6,15.01
15:28:00.6,15.01
15:28:00.6,14.95
15:28:00.6,15.01
15:28:00.6,15.01
15:28:00.6,15.01
15:28:00.6,15.01
15:28:00.6,14.95
15:28:00.6,15.01
15:28:00.6,14.95
15:28:00.6,15.01
15:28:00.6,14.95
15:28:00.6,15.01
15:28:00.6,15.01
15:28:00.6,14.95
15:28:00.6,15.01
15:28:00.6,14.95
15:28:00.6,15.01
15:28:00.6,14.95
15:28:00.6,14.95
15:28:00.6,14.95
15:28:00.6,14.95
15:28:00.8,14.95
15:28:00.8,14.95
15:28:00.8,14.95
15:28:00.8,14.95
15:28:00.8,14.95
15:28:00.8,14.95
15:28:00.8,14.95
15:28:00.8,14.95
15:28:00.8,14.95
15:28:00.9,14.95
15:28:00.9,14.95
15:28:00.9,14.95
15:28:00.9,14.95
15:28:00.9,14.95
15:28:00.9,14.95
15:28:00.9,14.95
15:28:00.9,14.95
15:28:00.9,14.95
15:28:00.9,14.95
15:28:00.9,14.95
15:28:00.9,14.95
15:28:00.9,14.95
15:28:00.9,14.95
15:28:00.9,14.95
15:28:00.9,14.95
15:28:01.0,14.95
15:28:01.0,14.95
15:28:01.0,14.95
15:28:01.0,14.95
15:28:01.0,15.01
15:28:01.0,14.95
15:28:01.0,14.95
15:28:01.0,14.95
15:28:01.0,14.95
15:28:01.0,14.95
15:28:01.0,14.95
15:28:01.0,15.01
15:28:01.0,14.95
15:28:01.0,15.01
15:28:01.0,15.01
15:28:01.0,15.01
15:28:01.0,15.01
15:28:01.0,15.01
15:28:01.0,15.01
15:28:01.0,15.01
15:28:01.0,15.01
15:28:01.0,15.01
15:28:01.0,15.01
15:28:01.0,15.01
15:28:01.0,15.01
15:28:01.2,15.01
15:28:01.2,15.01
15:28:01.2,15.01
15:28:01.2,15.01
15:28:01.2,15.01
15:28:01.2,15.01
15:28:01.2,15.01
15:28:01.2,15.01
15:28:01.2,15.01
15:28:01.3,15.01
15:28:01.3,15.01
15:28:01.3,15.01
15:28:01.3,15.01
15:28:01.3,15.01
15:28:01.3,15.01
15:28:01.3,15.01
15:28:01.3,15.01
15:28:01.3,15.01
15:28:01.3,15.01
15:28:01.3,15.01
15:28:01.3,15.01
15:28:01.3,15.01
15:28:01.3,15.01
15:28:01.3,15.01
15:28:01.4,15.01
15:28:01.4,15.01
15:28:01.4,15.01
15:28:01.4,15.01
15:28:01.4,15.01
15:28:01.4,15.01
15:28:01.4,15.01
15:28:01.4,15.01
15:28:01.4,15.01
15:28:01.4,15.01
15:28:01.4,15.07
15:28:01.4,15.01
15:28:01.4,15.01
15:28:01.4,15.01
15:28:01.4,15.01
15:28:01.4,15.01
15:28:01.4,15.01
15:28:01.4,15.01
15:28:01.4,15.01
15:28:01.4,15.01
15:28:01.4,15.01
15:28:01.4,15.01
15:28:01.4,15.01
15:28:01.4,15.01
15:28:01.4,15.01
15:28:01.4,15.01
15:28:01.4,15.01
15:28:01.4,15.01
15:28:01.4,15.01
15:28:01.4,15.01
15:28:01.4,15.01
15:28:01.4,15.01
15:28:01.4,15.01
15:28:01.6,15.01
15:28:01.6,15.01
15:28:01.6,15.01
15:28:01.6,15.01
15:28:01.6,15.01
15:28:01.6,15.01
15:28:01.6,15.01
15:28:01.6,15.01
15:28:01.6,15.01
15:28:01.6,15.01
15:28:01.6,15.01
15:28:01.6,15.01
15:28:01.6,15.01
15:28:01.6,15.01
15:28:01.6,15.01
15:28:01.6,15.01
15:28:01.6,15.01
15:28:01.6,14.95
15:28:01.6,15.01
15:28:01.6,15.01
15:28:01.6,15.01
15:28:01.6,14.95
15:28:01.6,15.01
15:28:01.6,14.95
15:28:01.6,14.95
15:28:01.6,15.01
15:28:01.6,14.95
15:28:01.6,15.01
15:28:01.6,14.95
15:28:01.6,14.95
15:28:01.6,14.95
15:28:01.6,14.95
15:28:01.6,14.95
15:28:01.6,14.95
15:28:01.6,14.95
15:28:01.6,14.95
15:28:01.6,14.95
15:28:01.6,14.95
15:28:01.6,14.95
15:28:01.6,14.95
15:28:01.6,14.95
15:28:01.6,14.95
15:28:01.6,14.95
15:28:01.6,14.95
15:28:01.6,14.95
15:28:01.6,14.95
15:28:01.6,14.95
15:28:01.6,14.95
15:28:02.0,14.95
15:28:02.0,14.95
15:28:02.0,14.95
15:28:02.0,14.95
15:28:02.0,14.95
15:28:02.0,14.95
15:28:02.0,15.01
15:28:02.0,14.95
15:28:02.0,14.95
15:28:02.0,14.95
15:28:02.0,14.95
15:28:02.0,15.01
15:28:02.0,14.95
15:28:02.0,15.01
15:28:02.0,15.01
15:28:02.0,15.01
15:28:02.0,15.01
15:28:02.0,15.01
15:28:02.0,15.01
15:28:02.0,15.01
15:28:02.0,15.01
15:28:02.0,15.01
15:28:02.0,15.01
15:28:02.0,15.01
15:28:02.0,15.01
15:28:02.2,15.01
15:28:02.2,15.01
15:28:02.2,15.01
15:28:02.2,15.01
15:28:02.2,15.01
15:28:02.2,15.01
15:28:02.2,15.01
15:28:02.2,15.01
15:28:02.2,15.01
15:28:02.2,15.01
15:28:02.2,15.01
15:28:02.2,15.01
15:28:02.2,15.01
15:28:02.2,15.01
15:28:02.2,15.01
15:28:02.2,15.01
15:28:02.3,15.01
15:28:02.3,15.01
15:28:02.3,15.01
15:28:02.3,15.01
15:28:02.3,15.01
15:28:02.3,15.01
15:28:02.3,15.01
15:28:02.3,15.01
15:28:02.3,15.01
15:28:02.3,15.01
15:28:02.3,15.01
15:28:02.3,15.01
15:28:02.3,15.01
15:28:02.3,15.01
15:28:02.3,15.01
15:28:02.3,15.01
15:28:02.3,15.01
15:28:02.3,15.01
15:28:02.3,15.01
15:28:02.3,15.01
15:28:02.3,15.01
15:28:02.3,15.01
15:28:02.3,15.01
15:28:02.3,15.01
15:28:02.3,15.01
15:28:02.5,15.01
15:28:02.5,15.01
15:28:02.5,15.01
15:28:02.5,15.01
15:28:02.5,15.01
15:28:02.5,15.01
15:28:02.5,15.01
15:28:02.5,15.01
15:28:02.5,15.01
15:28:02.5,15.01
15:28:02.5,15.01
15:28:02.5,15.01
15:28:02.5,15.01
15:28:02.5,15.01
15:28:02.5,15.01
15:28:02.5,15.01
15:28:02.5,15.01
15:28:02.5,15.01
15:28:02.5,15.01
15:28:02.5,15.01
15:28:02.5,15.01
15:28:02.5,15.01
15:28:02.5,15.01
15:28:02.5,15.01
15:28:02.5,15.01
15:28:02.5,15.01
15:28:02.5,15.01
15:28:02.5,15.01
15:28:02.5,15.01
15:28:02.5,15.01
15:28:02.5,15.01
15:28:02.5,15.01
15:28:02.7,15.01
15:28:02.7,15.01
15:28:02.7,15.01
15:28:02.7,15.01
15:28:02.7,15.01
15:28:02.7,15.01
15:28:02.7,15.01
15:28:02.7,15.01
15:28:02.7,15.01
15:28:02.7,15.01
15:28:02.7,15.01
15:28:02.7,15.01
15:28:02.7,15.01
15:28:02.7,15.01
15:28:02.7,15.01
15:28:02.7,15.01
15:28:02.7,15.01
15:28:02.7,15.01
15:28:02.7,15.01
15:28:02.7,14.95
15:28:02.7,15.01
15:28:02.7,14.95
15:28:02.7,15.01
15:28:02.7,15.01
15:28:02.7,15.01
15:28:02.7,15.01
15:28:02.7,14.95
15:28:02.7,15.01
15:28:02.7,14.95
15:28:02.7,15.01
15:28:02.7,14.95
15:28:02.7,14.95
15:28:02.9,15.01
15:28:02.9,14.95
15:28:02.9,15.01
15:28:02.9,14.95
15:28:02.9,15.01
15:28:02.9,14.95
15:28:02.9,14.95
15:28:02.9,14.95
15:28:02.9,14.95
15:28:02.9,14.95
15:28:02.9,14.95
15:28:02.9,14.95
15:28:02.9,14.95
15:28:02.9,14.95
15:28:02.9,14.95
15:28:02.9,14.95
15:28:02.9,14.95
15:28:02.9,14.95
15:28:02.9,15.01
15:28:02.9,14.95
15:28:02.9,14.95
15:28:02.9,14.95
15:28:02.9,14.95
15:28:02.9,14.95
15:28:02.9,14.95
15:28:02.9,14.95
15:28:02.9,14.95
15:28:02.9,14.95
15:28:02.9,14.95
15:28:02.9,14.95
15:28:02.9,14.95
15:28:02.9,14.95
15:28:02.9,14.95
15:28:02.9,14.95
15:28:02.9,14.95
15:28:02.9,14.95
15:28:02.9,14.95
15:28:02.9,14.95
15:28:02.9,14.95
15:28:02.9,14.95
15:28:02.9,14.95
15:28:02.9,14.95
15:28:02.9,14.95
15:28:02.9,14.95
15:28:02.9,14.95
15:28:02.9,14.95
15:28:02.9,14.95
15:28:02.9,14.95
15:28:02.9,14.95
15:28:02.9,14.95
15:28:03.3,14.95
15:28:03.3,14.95
15:28:03.3,14.95
15:28:03.3,14.95
15:28:03.3,14.95
15:28:03.3,14.95
15:28:03.3,14.95
15:28:03.3,14.95
15:28:03.3,14.95
15:28:03.3,14.95
15:28:03.3,14.95
15:28:03.3,14.95
15:28:03.3,14.95
15:28:03.3,14.95
15:28:03.3,14.95
15:28:03.3,14.95
15:28:03.4,14.95
15:28:03.4,14.95
15:28:03.4,14.95
15:28:03.4,14.95
15:28:03.4,14.95
15:28:03.4,14.95
15:28:03.4,14.95
15:28:03.4,14.95
15:28:03.4,14.95
15:28:03.5,14.95
15:28:03.5,14.95
15:28:03.5,14.95
15:28:03.5,14.95
15:28:03.5,14.95
15:28:03.5,14.95
15:28:03.5,14.95
15:28:03.5,14.95
15:28:03.5,14.95
15:28:03.5,14.95
15:28:03.5,14.95
15:28:03.5,14.95
15:28:03.5,14.95
15:28:03.5,14.95
15:28:03.5,14.95
15:28:03.5,14.95
15:28:03.5,14.95
15:28:03.5,14.95
15:28:03.5,14.95
15:28:03.5,14.95
15:28:03.5,14.95
15:28:03.5,14.95
15:28:03.5,14.95
15:28:03.5,14.95
15:28:03.5,14.95
15:28:03.5,14.95
15:28:03.5,14.95
15:28:03.5,14.95
15:28:03.5,14.95
15:28:03.5,14.95
15:28:03.5,14.95
15:28:03.5,14.95
15:28:03.7,14.95
15:28:03.7,14.95
15:28:03.7,14.95
15:28:03.7,14.95
15:28:03.7,14.95
15:28:03.7,14.95
15:28:03.7,14.95
15:28:03.8,14.95
15:28:03.8,14.95
15:28:03.8,14.95
15:28:03.8,14.95
15:28:03.8,14.95
15:28:03.8,14.95
15:28:03.8,14.95
15:28:03.8,14.95
15:28:03.8,14.95
15:28:03.8,14.95
15:28:03.8,14.95
15:28:03.8,14.95
15:28:03.8,14.95
15:28:03.8,14.95
15:28:03.8,14.95
15:28:03.8,14.95
15:28:03.8,14.95
15:28:03.8,14.95
15:28:03.8,14.95
15:28:03.8,14.95
15:28:03.8,14.95
15:28:03.8,14.95
15:28:03.8,14.95
15:28:03.8,14.95
15:28:03.8,14.89
15:28:03.9,14.95
15:28:03.9,14.89
15:28:03.9,14.95
15:28:03.9,14.89
15:28:03.9,14.89
15:28:03.9,14.89
15:28:03.9,14.89
15:28:03.9,14.89
15:28:03.9,14.89
15:28:04.0,14.89
15:28:04.0,14.89
15:28:04.0,14.89
15:28:04.0,14.89
15:28:04.0,14.89
15:28:04.0,14.89
15:28:04.0,14.89
15:28:04.1,14.89
15:28:04.1,14.89
15:28:04.1,14.89
15:28:04.1,14.89
15:28:04.1,14.89
15:28:04.1,14.89
15:28:04.1,14.89
15:28:04.1,14.89
15:28:04.1,14.89
15:28:04.1,14.89
15:28:04.1,14.89
15:28:04.1,14.89
15:28:04.1,14.89
15:28:04.1,14.89
15:28:04.1,14.89
15:28:04.1,14.89
15:28:04.1,14.89
15:28:04.1,14.89
15:28:04.1,14.89
15:28:04.1,14.89
15:28:04.1,14.89
15:28:04.1,14.89
15:28:04.1,14.89
15:28:04.1,14.89
15:28:04.1,14.89
15:28:04.2,14.89
15:28:04.2,14.89
15:28:04.2,14.89
15:28:04.2,14.89
15:28:04.2,14.89
15:28:04.2,14.89
15:28:04.2,14.89
15:28:04.2,14.89
15:28:04.2,14.89
15:28:04.2,14.89
15:28:04.2,14.89
15:28:04.2,14.89
15:28:04.2,14.89
15:28:04.2,14.89
15:28:04.2,14.89
15:28:04.2,14.89
15:28:04.2,14.89
15:28:04.2,14.89
15:28:04.4,14.89
15:28:04.4,14.89
15:28:04.4,14.89
15:28:04.4,14.89
15:28:04.4,14.89
15:28:04.4,14.89
15:28:04.4,14.89
15:28:04.4,14.89
15:28:04.4,14.89
15:28:04.4,14.89
15:28:04.4,14.89
15:28:04.4,14.89
15:28:04.4,14.89
15:28:04.4,14.83
15:28:04.4,14.89
15:28:04.4,14.83
15:28:04.4,14.83
15:28:04.4,14.83
15:28:04.4,14.83
15:28:04.4,14.83
15:28:04.4,14.83
15:28:04.4,14.83
15:28:04.4,14.83
15:28:04.5,14.83
15:28:04.5,14.83
15:28:04.5,14.83
15:28:04.5,14.83
15:28:04.5,14.83
15:28:04.5,14.77
15:28:04.5,14.77
15:28:04.5,14.83
15:28:04.5,14.77
15:28:04.6,14.77
15:28:04.6,14.77
15:28:04.6,14.77
15:28:04.6,14.77
15:28:04.6,14.77
15:28:04.6,14.77
15:28:04.6,14.77
15:28:04.7,14.77
15:28:04.7,14.71
15:28:04.7,14.71
15:28:04.7,14.71
15:28:04.7,14.71
15:28:04.7,14.71
15:28:04.7,14.71
15:28:04.7,14.71
15:28:04.7,14.65
15:28:04.7,14.65
15:28:04.7,14.65
15:28:04.7,14.65
15:28:04.7,14.65
15:28:04.7,14.65
15:28:04.7,14.65
15:28:04.7,14.59
15:28:04.8,14.59
15:28:04.8,14.59
15:28:04.8,14.59
15:28:04.8,14.53
15:28:04.8,14.53
15:28:04.8,14.53
15:28:04.8,14.53
15:28:04.8,14.53
15:28:04.8,14.47
15:28:04.8,14.47
15:28:04.8,14.47
15:28:04.8,14.47
15:28:04.8,14.42
15:28:04.8,14.42
15:28:04.8,14.42
15:28:04.8,14.36
15:28:04.9,14.36
15:28:04.9,14.36
15:28:04.9,14.36
15:28:04.9,14.3
15:28:04.9,14.3
15:28:04.9,14.3
15:28:04.9,14.24
15:28:04.9,14.24
15:28:04.9,14.24
15:28:04.9,14.24
15:28:04.9,14.18
15:28:04.9,14.18
15:28:04.9,14.18
15:28:04.9,14.13
15:28:04.9,14.13
15:28:04.9,14.13
15:28:04.9,14.13
15:28:04.9,14.07
15:28:04.9,14.07
15:28:04.9,14.01
15:28:04.9,14.01
15:28:04.9,14.01
15:28:04.9,14.01
15:28:04.9,13.96
15:28:04.9,13.96
15:28:05.1,13.96
15:28:05.1,13.9
15:28:05.1,13.9
15:28:05.1,13.9
15:28:05.1,13.9
15:28:05.1,13.9
15:28:05.1,13.85
15:28:05.1,13.85
15:28:05.1,13.85
15:28:05.1,13.79
15:28:05.1,13.79
15:28:05.1,13.79
15:28:05.1,13.79
15:28:05.1,13.74
15:28:05.1,13.74
15:28:05.1,13.74
15:28:05.1,13.74
15:28:05.1,13.68
15:28:05.1,13.68
15:28:05.1,13.68
15:28:05.1,13.68
15:28:05.1,13.68
15:28:05.1,13.68
15:28:05.1,13.68
15:28:05.1,13.63
15:28:05.1,13.63
15:28:05.1,13.63
15:28:05.1,13.63
15:28:05.1,13.63
15:28:05.1,13.57
15:28:05.1,13.57
15:28:05.1,13.57
15:28:05.1,13.57
15:28:05.1,13.57
15:28:05.1,13.57
15:28:05.1,13.57
15:28:05.1,13.57
15:28:05.1,13.57
15:28:05.1,13.52
15:28:05.1,13.57
15:28:05.1,13.52
15:28:05.1,13.52
15:28:05.1,13.52
15:28:05.1,13.52
15:28:05.1,13.52
15:28:05.1,13.52
15:28:05.1,13.52
15:28:05.1,13.46
15:28:05.4,13.52
15:28:05.4,13.46
15:28:05.4,13.46
15:28:05.4,13.46
15:28:05.4,13.46
15:28:05.4,13.46
15:28:05.4,13.46
15:28:05.4,13.46
15:28:05.4,13.46
15:28:05.4,13.46
15:28:05.4,13.46
15:28:05.4,13.46
15:28:05.4,13.41
15:28:05.4,13.41
15:28:05.4,13.41
15:28:05.4,13.41
15:28:05.4,13.41
15:28:05.4,13.41
15:28:05.4,13.41
15:28:05.4,13.41
15:28:05.4,13.41
15:28:05.4,13.41
15:28:05.4,13.41
15:28:05.4,13.41
15:28:05.4,13.36
15:28:05.4,13.41
15:28:05.4,13.36
15:28:05.4,13.41
15:28:05.4,13.36
15:28:05.4,13.36
15:28:05.4,13.41
15:28:05.4,13.36
15:28:05.4,13.41
15:28:05.4,13.36
15:28:05.4,13.36
15:28:05.4,13.36
15:28:05.4,13.36
15:28:05.4,13.36
15:28:05.4,13.36
15:28:05.4,13.36
15:28:05.4,13.36
15:28:05.7,13.36
15:28:05.7,13.36
15:28:05.7,13.36
15:28:05.7,13.36
15:28:05.7,13.36
15:28:05.7,13.36
15:28:05.7,13.36
15:28:05.7,13.36
15:28:05.7,13.36
15:28:05.8,13.36
15:28:05.8,13.36
15:28:05.8,13.36
15:28:05.8,13.36
15:28:05.8,13.36
15:28:05.8,13.36
15:28:05.8,13.36
15:28:05.8,13.36
15:28:05.8,13.36
15:28:05.8,13.36
15:28:05.8,13.36
15:28:05.8,13.36
15:28:05.8,13.36
15:28:05.8,13.36
15:28:05.8,13.41
15:28:05.8,13.36
15:28:05.8,13.41
15:28:05.8,13.36
15:28:05.8,13.41
15:28:05.8,13.41
15:28:05.8,13.41
15:28:05.8,13.41
15:28:05.8,13.41
15:28:05.8,13.41
15:28:05.8,13.41
15:28:05.8,13.41
15:28:05.8,13.41
15:28:05.8,13.41
15:28:05.8,13.41
15:28:05.8,13.41
15:28:05.8,13.46
15:28:05.8,13.41
15:28:06.0,13.46
15:28:06.0,13.46
15:28:06.0,13.46
15:28:06.0,13.46
15:28:06.0,13.52
15:28:06.0,13.52
15:28:06.0,13.52
15:28:06.0,13.57
15:28:06.0,13.57
15:28:06.0,13.63
15:28:06.0,13.63
15:28:06.0,13.63
15:28:06.0,13.68
15:28:06.0,13.68
15:28:06.0,13.74
15:28:06.0,13.79
15:28:06.0,13.85
15:28:06.0,13.85
15:28:06.0,13.9
15:28:06.0,13.96
15:28:06.0,14.01
15:28:06.0,14.07
15:28:06.0,14.13
15:28:06.0,14.18
15:28:06.0,14.18
15:28:06.2,14.24
15:28:06.2,14.3
15:28:06.2,14.36
15:28:06.2,14.42
15:28:06.2,14.42
15:28:06.2,14.47
15:28:06.2,14.47
15:28:06.3,14.53
15:28:06.3,14.59
15:28:06.3,14.59
15:28:06.3,14.59
15:28:06.3,14.65
15:28:06.3,14.65
15:28:06.3,14.65
15:28:06.3,14.71
15:28:06.3,14.71
15:28:06.3,14.71
15:28:06.3,14.71
15:28:06.3,14.71
15:28:06.3,14.77
15:28:06.3,14.77
15:28:06.3,14.77
15:28:06.3,14.77
15:28:06.3,14.77
15:28:06.3,14.77
15:28:06.3,14.83
15:28:06.3,14.83
15:28:06.3,14.83
15:28:06.3,14.83
15:28:06.3,14.83
15:28:06.3,14.89
15:28:06.3,14.83
15:28:06.3,14.89
15:28:06.3,14.89
15:28:06.3,14.89
15:28:06.3,14.95
15:28:06.3,14.95
15:28:06.3,14.95
15:28:06.3,14.95
15:28:06.3,14.95
15:28:06.3,14.95
15:28:06.3,14.95
15:28:06.3,15.01
15:28:06.3,15.01
15:28:06.3,15.01
15:28:06.3,15.01
15:28:06.3,15.07
15:28:06.3,15.01
15:28:06.3,15.07
15:28:06.3,15.07
15:28:06.3,15.07
15:28:06.3,15.07
15:28:06.3,15.07
15:28:06.3,15.07
15:28:06.3,15.07
15:28:06.3,15.14
15:28:06.3,15.14
15:28:06.3,15.14
15:28:06.3,15.14
15:28:06.3,15.14
15:28:06.3,15.14
15:28:06.3,15.14
15:28:06.3,15.14
15:28:06.3,15.14
15:28:06.3,15.2
15:28:06.3,15.2
15:28:06.7,15.2
15:28:06.7,15.2
15:28:06.7,15.2
15:28:06.7,15.2
15:28:06.7,15.2
15:28:06.7,15.2
15:28:06.7,15.2
15:28:06.7,15.2
15:28:06.7,15.2
15:28:06.7,15.2
15:28:06.7,15.2
15:28:06.7,15.2
15:28:06.7,15.2
15:28:06.7,15.2
15:28:06.7,15.2
15:28:06.7,15.2
15:28:06.7,15.2
15:28:06.7,15.2
15:28:06.7,15.2
15:28:06.7,15.26
15:28:06.7,15.2
15:28:06.7,15.26
15:28:06.7,15.2
15:28:06.7,15.26
15:28:06.7,15.26
15:28:06.7,15.26
15:28:06.7,15.26
15:28:06.7,15.26
15:28:06.7,15.26
15:28:06.7,15.26
15:28:06.7,15.26
15:28:06.7,15.26
15:28:06.7,15.26
15:28:06.7,15.26
15:28:06.7,15.26
15:28:06.7,15.26
15:28:06.7,15.26
15:28:06.7,15.26
15:28:06.7,15.26
15:28:07.0,15.26
15:28:07.0,15.26
15:28:07.0,15.26
15:28:07.0,15.26
15:28:07.0,15.2
15:28:07.0,15.26
15:28:07.0,15.26
15:28:07.0,15.26
15:28:07.0,15.2
15:28:07.0,15.26
15:28:07.0,15.26
15:28:07.0,15.2
15:28:07.0,15.26
15:28:07.0,15.2
15:28:07.0,15.26
15:28:07.0,15.2
15:28:07.1,15.2
15:28:07.1,15.2
15:28:07.1,15.2
15:28:07.1,15.2
15:28:07.1,15.2
15:28:07.1,15.2
15:28:07.1,15.2
15:28:07.1,15.2
15:28:07.1,15.2
15:28:07.2,15.2
15:28:07.2,15.2
15:28:07.2,15.2
15:28:07.2,15.2
15:28:07.2,15.2
15:28:07.2,15.2
15:28:07.2,15.2
15:28:07.2,15.2
15:28:07.2,15.2
15:28:07.2,15.2
15:28:07.2,15.2
15:28:07.2,15.2
15:28:07.2,15.2
15:28:07.2,15.2
15:28:07.2,15.2
15:28:07.2,15.2
15:28:07.3,15.2
15:28:07.3,15.2
15:28:07.3,15.2
15:28:07.3,15.2
15:28:07.3,15.2
15:28:07.3,15.2
15:28:07.3,15.14
15:28:07.3,15.2
15:28:07.3,15.14
15:28:07.3,15.2
15:28:07.3,15.14
15:28:07.3,15.14
15:28:07.3,15.2
15:28:07.3,15.14
15:28:07.3,15.14
15:28:07.3,15.14
15:28:07.3,15.14
15:28:07.3,15.14
15:28:07.3,15.14
15:28:07.3,15.14
15:28:07.3,15.14
15:28:07.3,15.14
15:28:07.3,15.14
15:28:07.3,15.14
15:28:07.3,15.14
15:28:07.3,15.14
15:28:07.3,15.14
15:28:07.3,15.14
15:28:07.3,15.14
15:28:07.3,15.14
15:28:07.3,15.14
15:28:07.3,15.14
15:28:07.5,15.14
15:28:07.5,15.14
15:28:07.5,15.14
15:28:07.5,15.14
15:28:07.5,15.14
15:28:07.5,15.14
15:28:07.5,15.07
15:28:07.5,15.14
15:28:07.5,15.07
15:28:07.5,15.14
15:28:07.5,15.14
15:28:07.5,15.14
15:28:07.5,15.14
15:28:07.5,15.14
15:28:07.5,15.14
15:28:07.5,15.07
15:28:07.5,15.14
15:28:07.5,15.14
15:28:07.5,15.14
15:28:07.5,15.14
15:28:07.5,15.07
15:28:07.5,15.14
15:28:07.5,15.07
15:28:07.5,15.14
15:28:07.5,15.07
15:28:07.7,15.14
15:28:07.7,15.07
15:28:07.7,15.07
15:28:07.7,15.14
15:28:07.7,15.14
15:28:07.7,15.14
15:28:07.7,15.14
15:28:07.7,15.14
15:28:07.7,15.14
15:28:07.7,15.14
15:28:07.7,15.14
15:28:07.7,15.07
15:28:07.7,15.14
15:28:07.7,15.07
15:28:07.7,15.14
15:28:07.7,15.14
15:28:07.8,15.14
15:28:07.8,15.14
15:28:07.8,15.14
15:28:07.8,15.14
15:28:07.8,15.07
15:28:07.8,15.14
15:28:07.8,15.07
15:28:07.8,15.14
15:28:07.8,15.14
15:28:07.8,15.14
15:28:07.8,15.14
15:28:07.8,15.14
15:28:07.8,15.14
15:28:07.8,15.14
15:28:07.8,15.14
15:28:07.8,15.14
15:28:07.8,15.14
15:28:07.8,15.14
15:28:07.8,15.14
15:28:07.8,15.14
15:28:07.8,15.14
15:28:07.8,15.14
15:28:07.8,15.14
15:28:07.8,15.14
15:28:07.8,15.14
15:28:07.8,15.14
15:28:07.8,15.14
15:28:07.8,15.14
15:28:07.8,15.14
15:28:07.8,15.14
15:28:07.8,15.14
15:28:07.8,15.14
15:28:08.0,15.14
15:28:08.0,15.14
15:28:08.0,15.14
15:28:08.0,15.14
15:28:08.0,15.14
15:28:08.0,15.14
15:28:08.0,15.14
15:28:08.0,15.14
15:28:08.0,15.14
15:28:08.1,15.14
15:28:08.1,15.14
15:28:08.1,15.14
15:28:08.1,15.14
15:28:08.1,15.14
15:28:08.1,15.14
15:28:08.1,15.14
15:28:08.2,15.14
15:28:08.2,15.14
15:28:08.2,15.14
15:28:08.2,15.14
15:28:08.2,15.14
15:28:08.2,15.14
15:28:08.2,15.14
15:28:08.2,15.14
15:28:08.2,15.14
15:28:08.2,15.14
15:28:08.2,15.14
15:28:08.2,15.14
15:28:08.2,15.14
15:28:08.2,15.14
15:28:08.2,15.14
15:28:08.2,15.14
15:28:08.2,15.14
15:28:08.2,15.14
15:28:08.2,15.14
15:28:08.2,15.14
15:28:08.2,15.14
15:28:08.2,15.14
15:28:08.2,15.14
15:28:08.2,15.14
15:28:08.2,15.14
15:28:08.2,15.14
15:28:08.2,15.14
15:28:08.2,15.14
15:28:08.2,15.14
15:28:08.2,15.14
15:28:08.2,15.14
15:28:08.2,15.14
15:28:08.2,15.14
15:28:08.2,15.14
15:28:08.2,15.14
15:28:08.2,15.14
15:28:08.2,15.14
15:28:08.2,15.14
15:28:08.2,15.14
15:28:08.2,15.14
15:28:08.2,15.14
15:28:08.2,15.14
15:28:08.2,15.14
15:28:08.2,15.14
15:28:08.2,15.14
15:28:08.2,15.14
15:28:08.2,15.14
15:28:08.2,15.14
15:28:08.2,15.14
15:28:08.2,15.14
15:28:08.2,15.14
15:28:08.2,15.14
15:28:08.2,15.14
15:28:08.2,15.14
15:28:08.2,15.07
15:28:08.2,15.14
15:28:08.2,15.14
15:28:08.2,15.14
15:28:08.2,15.14
15:28:08.6,15.14
15:28:08.6,15.14
15:28:08.6,15.07
15:28:08.6,15.14
15:28:08.6,15.07
15:28:08.6,15.14
15:28:08.6,15.07
15:28:08.6,15.14
15:28:08.6,15.07
15:28:08.6,15.14
15:28:08.6,15.14
15:28:08.6,15.07
15:28:08.6,15.14
15:28:08.6,15.07
15:28:08.6,15.07
15:28:08.6,15.07
15:28:08.6,15.07
15:28:08.6,15.14
15:28:08.6,15.07
15:28:08.6,15.07
15:28:08.6,15.07
15:28:08.6,15.07
15:28:08.6,15.07
15:28:08.6,15.14
15:28:08.8,15.14
15:28:08.8,15.07
15:28:08.8,15.14
15:28:08.8,15.07
15:28:08.8,15.14
15:28:08.8,15.07
15:28:08.8,15.07
15:28:08.8,15.07
15:28:08.8,15.07
15:28:08.8,15.07
15:28:08.8,15.07
15:28:08.8,15.07
15:28:08.8,15.07
15:28:08.8,15.07
15:28:08.8,15.07
15:28:08.8,15.07
15:28:08.8,15.07
15:28:08.8,15.07
15:28:08.8,15.07
15:28:08.8,15.07
15:28:08.8,15.07
15:28:08.8,15.07
15:28:08.8,15.07
15:28:08.8,15.07
15:28:08.8,15.07
15:28:08.8,15.07
15:28:09.0,15.07
15:28:09.0,15.07
15:28:09.0,15.07
15:28:09.0,15.07
15:28:09.0,15.07
15:28:09.0,15.07
15:28:09.0,15.07
15:28:09.0,15.07
15:28:09.0,15.07
15:28:09.0,15.07
15:28:09.0,15.07
15:28:09.0,15.07
15:28:09.0,15.07
15:28:09.0,15.07
15:28:09.1,15.07
15:28:09.1,15.07
15:28:09.1,15.07
15:28:09.1,15.07
15:28:09.1,15.07
15:28:09.1,15.07
15:28:09.1,15.07
15:28:09.1,15.07
15:28:09.1,15.07
15:28:09.1,15.07
15:28:09.1,15.07
15:28:09.1,15.07
15:28:09.1,15.07
15:28:09.1,15.07
15:28:09.1,15.07
15:28:09.1,15.07
15:28:09.2,15.07
15:28:09.2,15.07
15:28:09.2,15.07
15:28:09.2,15.07
15:28:09.2,15.07
15:28:09.2,15.07
15:28:09.2,15.07
15:28:09.2,15.07
15:28:09.2,15.07
15:28:09.2,15.07
15:28:09.2,15.07
15:28:09.2,15.07
15:28:09.2,15.07
15:28:09.2,15.07
15:28:09.2,15.07
15:28:09.2,15.07
15:28:09.2,15.07
15:28:09.2,15.07
15:28:09.2,15.07
15:28:09.2,15.07
15:28:09.2,15.07
15:28:09.2,15.07
15:28:09.2,15.07
15:28:09.2,15.07
15:28:09.2,15.07
15:28:09.4,15.07
15:28:09.4,15.07
15:28:09.4,15.07
15:28:09.4,15.07
15:28:09.4,15.07
15:28:09.4,15.07
15:28:09.4,15.07
15:28:09.4,15.07
15:28:09.4,15.07
15:28:09.4,15.07
15:28:09.4,15.07
15:28:09.4,15.07
15:28:09.4,15.07
15:28:09.4,15.07
15:28:09.4,15.07
15:28:09.4,15.07
15:28:09.5,15.07
15:28:09.5,15.07
15:28:09.5,15.07
15:28:09.5,15.07
15:28:09.5,15.07
15:28:09.5,15.07
15:28:09.5,15.07
15:28:09.5,15.07
15:28:09.5,15.07
15:28:09.5,15.07
15:28:09.5,15.07
15:28:09.5,15.07
15:28:09.5,15.07
15:28:09.5,15.07
15:28:09.5,15.07
15:28:09.5,15.07
15:28:09.5,15.07
15:28:09.5,15.07
15:28:09.5,15.07
15:28:09.5,15.07
15:28:09.5,15.07
15:28:09.5,15.07
15:28:09.5,15.07
15:28:09.5,15.07
15:28:09.5,15.07
15:28:09.7,15.07
15:28:09.7,15.07
15:28:09.7,15.01
15:28:09.7,15.07
15:28:09.7,15.07
15:28:09.7,15.07
15:28:09.7,15.07
15:28:09.7,15.07
15:28:09.7,15.07
15:28:09.7,15.07
15:28:09.7,15.07
15:28:09.7,15.07
15:28:09.7,15.07
15:28:09.7,15.07
15:28:09.7,15.07
15:28:09.7,15.07
15:28:09.8,15.07
15:28:09.8,15.07
15:28:09.8,15.07
15:28:09.8,15.07
15:28:09.8,15.07
15:28:09.8,15.07
15:28:09.8,15.07
15:28:09.8,15.07
15:28:09.8,15.07
15:28:09.8,15.07
15:28:09.8,15.07
15:28:09.8,15.07
15:28:09.8,15.07
15:28:09.8,15.07
15:28:09.8,15.07
15:28:09.8,15.07
15:28:09.9,15.07
15:28:09.9,15.07
15:28:09.9,15.07
15:28:09.9,15.07
15:28:09.9,15.07
15:28:09.9,15.07
15:28:09.9,15.07
15:28:09.9,15.07
15:28:09.9,15.07
15:28:09.9,15.07
15:28:09.9,15.07
15:28:09.9,15.07
15:28:09.9,15.07
15:28:09.9,15.07
15:28:09.9,15.07
15:28:09.9,15.07
15:28:10.0,15.07
15:28:10.0,15.07
15:28:10.0,15.07
15:28:10.0,15.07
15:28:10.0,15.07
15:28:10.0,15.07
15:28:10.0,15.07
15:28:10.0,15.07
15:28:10.0,15.07
15:28:10.1,15.07
15:28:10.1,15.07
15:28:10.1,15.07
15:28:10.1,15.07
15:28:10.1,15.07
15:28:10.1,15.07
15:28:10.1,15.07
15:28:10.1,15.07
15:28:10.1,15.07
15:28:10.1,15.07
15:28:10.1,15.07
15:28:10.1,15.07
15:28:10.1,15.07
15:28:10.1,15.07
15:28:10.1,15.07
15:28:10.1,15.07
15:28:10.1,15.07
15:28:10.1,15.07
15:28:10.1,15.07
15:28:10.1,15.14
15:28:10.1,15.07
15:28:10.1,15.14
15:28:10.1,15.14
15:28:10.1,15.14
15:28:10.1,15.14
15:28:10.3,15.14
15:28:10.3,15.14
15:28:10.3,15.14
15:28:10.3,15.14
15:28:10.3,15.14
15:28:10.3,15.14
15:28:10.3,15.14
15:28:10.3,15.14
15:28:10.3,15.14
15:28:10.3,15.14
15:28:10.3,15.2
15:28:10.3,15.14
15:28:10.3,15.2
15:28:10.3,15.2
15:28:10.3,15.2
15:28:10.3,15.2
15:28:10.3,15.2
15:28:10.3,15.2
15:28:10.3,15.2
15:28:10.3,15.2
15:28:10.3,15.2
15:28:10.3,15.2
15:28:10.3,15.2
15:28:10.3,15.2
15:28:10.3,15.2
15:28:10.3,15.2
15:28:10.3,15.2
15:28:10.3,15.2
15:28:10.3,15.2
15:28:10.3,15.26
15:28:10.3,15.26
15:28:10.3,15.26
15:28:10.3,15.26
15:28:10.3,15.26
15:28:10.3,15.26
15:28:10.3,15.26
15:28:10.3,15.26
15:28:10.3,15.26
15:28:10.3,15.26
15:28:10.3,15.26
15:28:10.3,15.32
15:28:10.3,15.32
15:28:10.3,15.32
15:28:10.3,15.32
15:28:10.3,15.32
15:28:10.3,15.32
15:28:10.3,15.32
15:28:10.3,15.32
15:28:10.6,15.32
15:28:10.6,15.38
15:28:10.6,15.38
15:28:10.6,15.38
15:28:10.6,15.38
15:28:10.6,15.38
15:28:10.6,15.45
15:28:10.6,15.45
15:28:10.6,15.45
15:28:10.6,15.45
15:28:10.6,15.45
15:28:10.6,15.45
15:28:10.6,15.45
15:28:10.6,15.45
15:28:10.6,15.51
15:28:10.6,15.51
15:28:10.6,15.51
15:28:10.6,15.51
15:28:10.6,15.51
15:28:10.6,15.51
15:28:10.6,15.51
15:28:10.6,15.51
15:28:10.6,15.51
15:28:10.6,15.51
15:28:10.6,15.57
15:28:10.8,15.57
15:28:10.8,15.57
15:28:10.8,15.57
15:28:10.8,15.57
15:28:10.8,15.57
15:28:10.8,15.57
15:28:10.8,15.57
15:28:10.8,15.57
15:28:10.8,15.57
15:28:10.8,15.57
15:28:10.8,15.57
15:28:10.8,15.57
15:28:10.8,15.57
15:28:10.8,15.57
15:28:10.8,15.57
15:28:10.8,15.57
15:28:10.8,15.57
15:28:10.8,15.64
15:28:10.8,15.57
15:28:10.8,15.64
15:28:10.8,15.64
15:28:10.8,15.64
15:28:10.8,15.64
15:28:10.8,15.64
15:28:10.8,15.64
15:28:10.8,15.64
15:28:10.8,15.7
15:28:10.8,15.64
15:28:10.8,15.7
15:28:10.8,15.7
15:28:10.8,15.7
15:28:10.8,15.7
15:28:11.0,15.7
15:28:11.0,15.7
15:28:11.0,15.7
15:28:11.0,15.7
15:28:11.0,15.7
15:28:11.0,15.7
15:28:11.0,15.7
15:28:11.0,15.7
15:28:11.0,15.7
15:28:11.0,15.77
15:28:11.0,15.77
15:28:11.0,15.77
15:28:11.0,15.77
15:28:11.0,15.77
15:28:11.0,15.77
15:28:11.0,15.77
15:28:11.1,15.77
15:28:11.1,15.77
15:28:11.1,15.77
15:28:11.1,15.77
15:28:11.1,15.83
15:28:11.1,15.83
15:28:11.1,15.83
15:28:11.1,15.83
15:28:11.1,15.83
15:28:11.2,15.83
15:28:11.2,15.83
15:28:11.2,15.83
15:28:11.2,15.83
15:28:11.2,15.83
15:28:11.2,15.83
15:28:11.2,15.83
15:28:11.2,15.83
15:28:11.2,15.83
15:28:11.2,15.83
15:28:11.2,15.83
15:28:11.2,15.83
15:28:11.2,15.83
15:28:11.2,15.83
15:28:11.2,15.83
15:28:11.2,15.9
15:28:11.2,15.83
15:28:11.2,15.9
15:28:11.2,15.83
15:28:11.2,15.9
15:28:11.2,15.9
15:28:11.2,15.9
15:28:11.2,15.9
15:28:11.2,15.9
15:28:11.2,15.83
15:28:11.2,15.9
15:28:11.2,15.9
15:28:11.2,15.9
15:28:11.2,15.9
15:28:11.2,15.9
15:28:11.2,15.9
15:28:11.2,15.9
15:28:11.4,15.9
15:28:11.4,15.9
15:28:11.4,15.9
15:28:11.4,15.9
15:28:11.4,15.9
15:28:11.4,15.9
15:28:11.4,15.9
15:28:11.5,15.9
15:28:11.5,15.9
15:28:11.5,15.9
15:28:11.5,15.9
15:28:11.5,15.9
15:28:11.5,15.9
15:28:11.5,15.9
15:28:11.5,15.9
15:28:11.5,15.9
15:28:11.6,15.9
15:28:11.6,15.9
15:28:11.6,15.9
15:28:11.6,15.9
15:28:11.6,15.9
15:28:11.6,15.9
15:28:11.6,15.9
15:28:11.6,15.9
15:28:11.6,15.9
15:28:11.6,15.9
15:28:11.6,15.9
15:28:11.6,15.9
15:28:11.6,15.9
15:28:11.6,15.9
15:28:11.6,15.9
15:28:11.6,15.9
15:28:11.6,15.9
15:28:11.6,15.9
15:28:11.6,15.9
15:28:11.6,15.9
15:28:11.6,15.83
15:28:11.6,15.83
15:28:11.6,15.9
15:28:11.6,15.9
15:28:11.6,15.9
15:28:11.6,15.83
15:28:11.6,15.9
15:28:11.6,15.83
15:28:11.6,15.9
15:28:11.6,15.9
15:28:11.6,15.9
15:28:11.6,15.9
15:28:11.6,15.9
15:28:11.6,15.9
15:28:11.6,15.9
15:28:11.6,15.9
15:28:11.6,15.9
15:28:11.6,15.9
15:28:11.6,15.9
15:28:11.6,15.9
15:28:11.6,15.9
15:28:11.6,15.9
15:28:11.6,15.9
15:28:11.6,15.9
15:28:11.6,15.9
15:28:11.6,15.9
15:28:11.6,15.9
15:28:11.6,15.9
15:28:11.6,15.9
15:28:11.6,15.9
15:28:11.6,15.9
15:28:11.6,15.9
15:28:11.6,15.9
15:28:11.6,15.9
15:28:11.6,15.9
15:28:11.6,15.9
15:28:11.6,15.9
15:28:12.0,15.9
15:28:12.0,15.9
15:28:12.0,15.9
15:28:12.0,15.9
15:28:12.0,15.9
15:28:12.0,15.9
15:28:12.0,15.9
15:28:12.0,15.9
15:28:12.0,15.9
15:28:12.0,15.9
15:28:12.0,15.9
15:28:12.0,15.9
15:28:12.0,15.9
15:28:12.0,15.9
15:28:12.0,15.9
15:28:12.0,15.9
15:28:12.1,15.9
15:28:12.1,15.9
15:28:12.1,15.83
15:28:12.1,15.9
15:28:12.1,15.83
15:28:12.1,15.9
15:28:12.1,15.83
15:28:12.1,15.83
15:28:12.1,15.83
15:28:12.1,15.83
15:28:12.1,15.83
15:28:12.1,15.83
15:28:12.1,15.83
15:28:12.2,15.83
15:28:12.2,15.83
15:28:12.2,15.83
15:28:12.2,15.83
15:28:12.2,15.83
15:28:12.2,15.83
15:28:12.2,15.83
15:28:12.2,15.77
15:28:12.2,15.77
15:28:12.2,15.77
15:28:12.2,15.77
15:28:12.2,15.77
15:28:12.2,15.77
15:28:12.2,15.77
15:28:12.2,15.77
15:28:12.2,15.77
15:28:12.2,15.77
15:28:12.2,15.7
15:28:12.2,15.7
15:28:12.2,15.7
15:28:12.2,15.7
15:28:12.2,15.7
15:28:12.2,15.7
15:28:12.2,15.7
15:28:12.2,15.7
15:28:12.2,15.7
15:28:12.2,15.7
15:28:12.2,15.7
15:28:12.2,15.7
15:28:12.2,15.7
15:28:12.2,15.64
15:28:12.2,15.7
15:28:12.2,15.64
15:28:12.2,15.64
15:28:12.2,15.64
15:28:12.2,15.64
15:28:12.2,15.7
15:28:12.2,15.64
15:28:12.2,15.7
15:28:12.2,15.64
15:28:12.2,15.64
15:28:12.2,15.64
15:28:12.2,15.64
15:28:12.2,15.64
15:28:12.2,15.64
15:28:12.2,15.64
15:28:12.5,15.64
15:28:12.5,15.64
15:28:12.5,15.64
15:28:12.5,15.64
15:28:12.5,15.64
15:28:12.5,15.64
15:28:12.5,15.64
15:28:12.5,15.64
15:28:12.5,15.64
15:28:12.5,15.64
15:28:12.5,15.64
15:28:12.5,15.64
15:28:12.5,15.64
15:28:12.5,15.64
15:28:12.5,15.64
15:28:12.5,15.64
15:28:12.7,15.57
15:28:12.7,15.64
15:28:12.7,15.57
15:28:12.7,15.57
15:28:12.7,15.57
15:28:12.7,15.57
15:28:12.7,15.57
15:28:12.7,15.57
15:28:12.7,15.57
15:28:12.7,15.57
15:28:12.7,15.57
15:28:12.7,15.57
15:28:12.7,15.57
15:28:12.7,15.57
15:28:12.7,15.57
15:28:12.7,15.57
15:28:12.7,15.57
15:28:12.7,15.57
15:28:12.7,15.57
15:28:12.7,15.57
15:28:12.7,15.57
15:28:12.7,15.57
15:28:12.7,15.57
15:28:12.7,15.57
15:28:12.7,15.57
15:28:12.8,15.57
15:28:12.8,15.57
15:28:12.8,15.57
15:28:12.8,15.57
15:28:12.8,15.57
15:28:12.8,15.57
15:28:12.8,15.57
15:28:12.8,15.57
15:28:12.8,15.57
15:28:12.8,15.57
15:28:12.8,15.57
15:28:12.8,15.57
15:28:12.8,15.57
15:28:12.8,15.57
15:28:12.8,15.57
15:28:12.8,15.57
15:28:12.8,15.57
15:28:12.8,15.57
15:28:12.8,15.57
15:28:12.8,15.57
15:28:12.8,15.57
15:28:12.8,15.57
15:28:12.8,15.57
15:28:13.0,15.51
15:28:13.0,15.57
15:28:13.0,15.57
15:28:13.0,15.57
15:28:13.0,15.57
15:28:13.0,15.57
15:28:13.0,15.57
15:28:13.0,15.51
15:28:13.0,15.57
15:28:13.0,15.51
15:28:13.0,15.57
15:28:13.0,15.57
15:28:13.0,15.57
15:28:13.0,15.57
15:28:13.0,15.51
15:28:13.0,15.57
15:28:13.1,15.57
15:28:13.1,15.57
15:28:13.1,15.51
15:28:13.1,15.57
15:28:13.1,15.57
15:28:13.1,15.57
15:28:13.1,15.57
15:28:13.1,15.57
15:28:13.1,15.57
15:28:13.1,15.57
15:28:13.1,15.57
15:28:13.1,15.57
15:28:13.1,15.57
15:28:13.1,15.57
15:28:13.1,15.57
15:28:13.1,15.57
15:28:13.2,15.57
15:28:13.2,15.57
15:28:13.2,15.57
15:28:13.2,15.57
15:28:13.2,15.57
15:28:13.2,15.57
15:28:13.2,15.57
15:28:13.2,15.57
15:28:13.2,15.57
15:28:13.2,15.57
15:28:13.2,15.57
15:28:13.2,15.57
15:28:13.2,15.57
15:28:13.2,15.57
15:28:13.2,15.57
15:28:13.2,15.57
15:28:13.2,15.57
15:28:13.2,15.57
15:28:13.2,15.57
15:28:13.2,15.57
15:28:13.2,15.57
15:28:13.2,15.57
15:28:13.2,15.57
15:28:13.2,15.57
15:28:13.2,15.57
15:28:13.4,15.57
15:28:13.4,15.57
15:28:13.4,15.57
15:28:13.4,15.57
15:28:13.4,15.57
15:28:13.4,15.57
15:28:13.4,15.57
15:28:13.4,15.57
15:28:13.4,15.57
15:28:13.4,15.57
15:28:13.4,15.57
15:28:13.4,15.57
15:28:13.4,15.57
15:28:13.4,15.57
15:28:13.4,15.57
15:28:13.4,15.57
15:28:13.5,15.57
15:28:13.5,15.57
15:28:13.5,15.57
15:28:13.5,15.57
15:28:13.5,15.57
15:28:13.5,15.57
15:28:13.5,15.57
15:28:13.5,15.57
15:28:13.5,15.57
15:28:13.5,15.57
15:28:13.5,15.57
15:28:13.5,15.57
15:28:13.5,15.57
15:28:13.5,15.57
15:28:13.5,15.57
15:28:13.5,15.57
15:28:13.5,15.57
15:28:13.5,15.57
15:28:13.7,15.57
15:28:13.7,15.57
15:28:13.7,15.57
15:28:13.7,15.57
15:28:13.7,15.57
15:28:13.7,15.57
15:28:13.7,15.57
15:28:13.7,15.51
15:28:13.7,15.57
15:28:13.7,15.51
15:28:13.7,15.57
15:28:13.8,15.57
15:28:13.8,15.51
15:28:13.8,15.51
15:28:13.8,15.51
15:28:13.8,15.51
15:28:13.8,15.51
15:28:13.8,15.51
15:28:13.8,15.51
15:28:13.8,15.51
15:28:13.8,15.57
15:28:13.8,15.51
15:28:13.8,15.57
15:28:13.8,15.51
15:28:13.8,15.51
15:28:13.8,15.51
15:28:13.8,15.51
15:28:13.8,15.51
15:28:13.8,15.51
15:28:13.8,15.51
15:28:13.8,15.51
15:28:13.8,15.51
15:28:13.8,15.51
15:28:13.8,15.51
15:28:13.8,15.51
15:28:13.8,15.51
15:28:13.8,15.51
15:28:13.8,15.51
15:28:13.8,15.51
15:28:13.8,15.51
15:28:14.0,15.51
15:28:14.0,15.51
15:28:14.0,15.51
15:28:14.0,15.51
15:28:14.0,15.51
15:28:14.0,15.51
15:28:14.0,15.51
15:28:14.0,15.51
15:28:14.0,15.51
15:28:14.0,15.51
15:28:14.0,15.51
15:28:14.0,15.51
15:28:14.0,15.51
15:28:14.0,15.51
15:28:14.0,15.51
15:28:14.1,15.51
15:28:14.1,15.51
15:28:14.1,15.51
15:28:14.1,15.51
15:28:14.1,15.51
15:28:14.1,15.51
15:28:14.1,15.51
15:28:14.1,15.51
15:28:14.1,15.51
15:28:14.1,15.51
15:28:14.1,15.51
15:28:14.1,15.51
15:28:14.1,15.51
15:28:14.1,15.51
15:28:14.1,15.51
15:28:14.1,15.51
15:28:14.2,15.51
15:28:14.2,15.51
15:28:14.2,15.51
15:28:14.2,15.51
15:28:14.2,15.51
15:28:14.2,15.51
15:28:14.2,15.51
15:28:14.2,15.51
15:28:14.2,15.51
15:28:14.2,15.51
15:28:14.2,15.51
15:28:14.2,15.51
15:28:14.2,15.51
15:28:14.2,15.51
15:28:14.2,15.51
15:28:14.2,15.51
15:28:14.2,15.51
15:28:14.2,15.51
15:28:14.2,15.51
15:28:14.2,15.51
15:28:14.2,15.51
15:28:14.2,15.51
15:28:14.2,15.51
15:28:14.2,15.51
15:28:14.2,15.51
15:28:14.4,15.51
15:28:14.4,15.51
15:28:14.4,15.51
15:28:14.4,15.51
15:28:14.4,15.51
15:28:14.4,15.51
15:28:14.4,15.51
15:28:14.4,15.51
15:28:14.4,15.57
15:28:14.4,15.51
15:28:14.4,15.51
15:28:14.4,15.51
15:28:14.4,15.51
15:28:14.4,15.57
15:28:14.4,15.51
15:28:14.4,15.57
15:28:14.5,15.51
15:28:14.5,15.57
15:28:14.5,15.57
15:28:14.5,15.57
15:28:14.5,15.51
15:28:14.5,15.51
15:28:14.5,15.57
15:28:14.5,15.57
15:28:14.5,15.57
15:28:14.5,15.57
15:28:14.5,15.57
15:28:14.5,15.57
15:28:14.5,15.57
15:28:14.5,15.57
15:28:14.5,15.57
15:28:14.5,15.57
15:28:14.5,15.57
15:28:14.5,15.57
15:28:14.5,15.57
15:28:14.5,15.57
15:28:14.5,15.57
15:28:14.5,15.57
15:28:14.5,15.57
15:28:14.5,15.57
15:28:14.5,15.57
15:28:14.7,15.57
15:28:14.7,15.57
15:28:14.7,15.57
15:28:14.7,15.57
15:28:14.7,15.57
15:28:14.7,15.57
15:28:14.7,15.57
15:28:14.7,15.57
15:28:14.7,15.57
15:28:14.7,15.57
15:28:14.7,15.57
15:28:14.7,15.57
15:28:14.7,15.57
15:28:14.7,15.57
15:28:14.7,15.57
15:28:14.7,15.57
15:28:14.7,15.57
15:28:14.7,15.57
15:28:14.7,15.57
15:28:14.7,15.57
15:28:14.7,15.57
15:28:14.7,15.57
15:28:14.7,15.57
15:28:14.7,15.57
15:28:14.7,15.57
15:28:14.7,15.57
15:28:14.7,15.57
15:28:14.7,15.57
15:28:14.7,15.57
15:28:14.7,15.57
15:28:14.7,15.57
15:28:14.7,15.57
15:28:14.7,15.57
15:28:14.7,15.57
15:28:14.7,15.57
15:28:14.7,15.57
15:28:14.7,15.57
15:28:14.7,15.57
15:28:14.7,15.57
15:28:14.7,15.57
15:28:14.7,15.57
15:28:14.7,15.57
15:28:14.7,15.57
15:28:14.7,15.57
15:28:14.7,15.57
15:28:14.7,15.57
15:28:14.7,15.51
15:28:14.7,15.57
15:28:14.7,15.57
15:28:14.7,15.57
15:28:14.7,15.57
15:28:14.7,15.57
15:28:14.7,15.57
15:28:14.7,15.57
15:28:14.7,15.57
15:28:14.7,15.57
15:28:14.7,15.57
15:28:15.1,15.57
15:28:15.1,15.57
15:28:15.1,15.57
15:28:15.1,15.57
15:28:15.1,15.57
15:28:15.1,15.57
15:28:15.1,15.57
15:28:15.1,15.51
15:28:15.1,15.57
15:28:15.1,15.57
15:28:15.1,15.57
15:28:15.1,15.57
15:28:15.1,15.51
15:28:15.1,15.57
15:28:15.1,15.51
15:28:15.1,15.57
15:28:15.1,15.57
15:28:15.1,15.57
15:28:15.1,15.51
15:28:15.1,15.51
15:28:15.1,15.57
15:28:15.1,15.51
15:28:15.1,15.57
15:28:15.3,15.51
15:28:15.3,15.51
15:28:15.3,15.51
15:28:15.3,15.51
15:28:15.3,15.51
15:28:15.3,15.51
15:28:15.3,15.51
15:28:15.3,15.51
15:28:15.3,15.51
15:28:15.3,15.51
15:28:15.3,15.51
15:28:15.3,15.51
15:28:15.3,15.51
15:28:15.3,15.51
15:28:15.3,15.51
15:28:15.3,15.51
15:28:15.3,15.51
15:28:15.3,15.51
15:28:15.3,15.51
15:28:15.3,15.51
15:28:15.3,15.51
15:28:15.3,15.51
15:28:15.3,15.51
15:28:15.3,15.51
15:28:15.3,15.51
15:28:15.3,15.51
15:28:15.3,15.51
15:28:15.3,15.51
15:28:15.3,15.51
15:28:15.3,15.51
15:28:15.3,15.51
15:28:15.3,15.51
15:28:15.3,15.51
15:28:15.3,15.51
15:28:15.3,15.51
15:28:15.3,15.51
15:28:15.3,15.51
15:28:15.3,15.51
15:28:15.3,15.51
15:28:15.3,15.51
15:28:15.3,15.51
15:28:15.3,15.51
15:28:15.3,15.51
15:28:15.3,15.51
15:28:15.3,15.51
15:28:15.3,15.51
15:28:15.3,15.51
15:28:15.3,15.51
15:28:15.3,15.51
15:28:15.3,15.51
15:28:15.6,15.51
15:28:15.6,15.51
15:28:15.6,15.51
15:28:15.6,15.51
15:28:15.6,15.51
15:28:15.6,15.51
15:28:15.6,15.51
15:28:15.7,15.51
15:28:15.7,15.51
15:28:15.7,15.51
15:28:15.7,15.51
15:28:15.7,15.51
15:28:15.7,15.51
15:28:15.7,15.51
15:28:15.7,15.51
15:28:15.7,15.51
15:28:15.7,15.51
15:28:15.7,15.45
15:28:15.7,15.51
15:28:15.7,15.45
15:28:15.7,15.51
15:28:15.7,15.45
15:28:15.7,15.51
15:28:15.7,15.45
15:28:15.7,15.51
15:28:15.7,15.45
15:28:15.7,15.45
15:28:15.7,15.45
15:28:15.7,15.45
15:28:15.7,15.51
15:28:15.7,15.45
15:28:15.7,15.45
15:28:15.7,15.45
15:28:15.7,15.45
15:28:15.7,15.45
15:28:15.7,15.45
15:28:15.7,15.45
15:28:15.7,15.45
15:28:15.7,15.45
15:28:15.7,15.45
15:28:15.7,15.45
15:28:15.9,15.45
15:28:15.9,15.45
15:28:15.9,15.45
15:28:15.9,15.45
15:28:15.9,15.45
15:28:15.9,15.45
15:28:15.9,15.45
15:28:15.9,15.45
15:28:15.9,15.45
15:28:15.9,15.45
15:28:15.9,15.45
15:28:15.9,15.45
15:28:15.9,15.45
15:28:15.9,15.45
15:28:15.9,15.45
15:28:15.9,15.45
15:28:16.0,15.45
15:28:16.0,15.45
15:28:16.0,15.45
15:28:16.0,15.45
15:28:16.0,15.45
15:28:16.0,15.45
15:28:16.0,15.45
15:28:16.1,15.45
15:28:16.1,15.45
15:28:16.1,15.45
15:28:16.1,15.45
15:28:16.1,15.45
15:28:16.1,15.45
15:28:16.1,15.45
15:28:16.1,15.45
15:28:16.1,15.45
15:28:16.1,15.45
15:28:16.1,15.45
15:28:16.1,15.45
15:28:16.1,15.45
15:28:16.1,15.45
15:28:16.1,15.45
15:28:16.1,15.45
15:28:16.1,15.45
15:28:16.1,15.45
15:28:16.1,15.45
15:28:16.1,15.45
15:28:16.1,15.45
15:28:16.1,15.45
15:28:16.1,15.45
15:28:16.1,15.45
15:28:16.1,15.45
15:28:16.3,15.45
15:28:16.3,15.45
15:28:16.3,15.45
15:28:16.3,15.45
15:28:16.3,15.45
15:28:16.3,15.45
15:28:16.3,15.45
15:28:16.3,15.45
15:28:16.3,15.45
15:28:16.3,15.45
15:28:16.3,15.45
15:28:16.3,15.45
15:28:16.3,15.45
15:28:16.3,15.45
15:28:16.3,15.45
15:28:16.3,15.45
15:28:16.4,15.45
15:28:16.4,15.45
15:28:16.4,15.45
15:28:16.4,15.38
15:28:16.4,15.45
15:28:16.4,15.45
15:28:16.4,15.45
15:28:16.4,15.38
15:28:16.4,15.45
15:28:16.4,15.45
15:28:16.4,15.45
15:28:16.4,15.45
15:28:16.4,15.38
15:28:16.4,15.45
15:28:16.4,15.38
15:28:16.4,15.45
15:28:16.4,15.38
15:28:16.4,15.45
15:28:16.4,15.45
15:28:16.4,15.38
15:28:16.4,15.45
15:28:16.4,15.38
15:28:16.4,15.45
15:28:16.4,15.38
15:28:16.4,15.45
15:28:16.6,15.38
15:28:16.6,15.38
15:28:16.6,15.45
15:28:16.6,15.38
15:28:16.6,15.45
15:28:16.6,15.38
15:28:16.6,15.45
15:28:16.6,15.38
15:28:16.6,15.38
15:28:16.6,15.38
15:28:16.6,15.38
15:28:16.6,15.38
15:28:16.6,15.38
15:28:16.6,15.45
15:28:16.6,15.38
15:28:16.6,15.38
15:28:16.6,15.38
15:28:16.6,15.38
15:28:16.6,15.38
15:28:16.6,15.38
15:28:16.6,15.38
15:28:16.6,15.38
15:28:16.6,15.38
15:28:16.6,15.38
15:28:16.6,15.38
15:28:16.7,15.38
15:28:16.7,15.38
15:28:16.7,15.38
15:28:16.7,15.38
15:28:16.7,15.38
15:28:16.7,15.38
15:28:16.7,15.38
15:28:16.8,15.38
15:28:16.8,15.38
15:28:16.8,15.38
15:28:16.8,15.38
15:28:16.8,15.38
15:28:16.8,15.38
15:28:16.8,15.38
15:28:16.8,15.38
15:28:16.8,15.45
15:28:16.9,15.38
15:28:16.9,15.38
15:28:16.9,15.38
15:28:16.9,15.38
15:28:16.9,15.45
15:28:16.9,15.38
15:28:16.9,15.38
15:28:16.9,15.38
15:28:16.9,15.38
15:28:16.9,15.38
15:28:16.9,15.38
15:28:16.9,15.45
15:28:16.9,15.38
15:28:16.9,15.45
15:28:16.9,15.38
15:28:16.9,15.45
15:28:17.0,15.38
15:28:17.0,15.45
15:28:17.0,15.45
15:28:17.0,15.38
15:28:17.0,15.45
15:28:17.0,15.38
15:28:17.0,15.45
15:28:17.0,15.45
15:28:17.0,15.38
15:28:17.0,15.45
15:28:17.0,15.45
15:28:17.0,15.45
15:28:17.0,15.38
15:28:17.0,15.45
15:28:17.0,15.38
15:28:17.0,15.45
15:28:17.1,15.45
15:28:17.1,15.45
15:28:17.1,15.45
15:28:17.1,15.45
15:28:17.1,15.45
15:28:17.1,15.45
15:28:17.1,15.45
15:28:17.1,15.45
15:28:17.1,15.45
15:28:17.2,15.45
15:28:17.2,15.45
15:28:17.2,15.45
15:28:17.2,15.45
15:28:17.2,15.45
15:28:17.2,15.45
15:28:17.2,15.45
15:28:17.2,15.45
15:28:17.2,15.45
15:28:17.2,15.45
15:28:17.2,15.45
15:28:17.2,15.45
15:28:17.2,15.45
15:28:17.2,15.45
15:28:17.2,15.45
15:28:17.2,15.45
15:28:17.3,15.45
15:28:17.3,15.45
15:28:17.3,15.45
15:28:17.3,15.45
15:28:17.3,15.45
15:28:17.3,15.45
15:28:17.3,15.45
15:28:17.3,15.45
15:28:17.3,15.45
15:28:17.3,15.45
15:28:17.3,15.45
15:28:17.3,15.45
15:28:17.3,15.38
15:28:17.3,15.45
15:28:17.3,15.45
15:28:17.3,15.45
15:28:17.4,15.45
15:28:17.4,15.45
15:28:17.4,15.45
15:28:17.4,15.45
15:28:17.4,15.45
15:28:17.4,15.45
15:28:17.4,15.45
15:28:17.4,15.45
15:28:17.4,15.45
15:28:17.4,15.45
15:28:17.4,15.45
15:28:17.4,15.45
15:28:17.4,15.45
15:28:17.4,15.45
15:28:17.4,15.45
15:28:17.4,15.45
15:28:17.4,15.45
15:28:17.4,15.45
15:28:17.4,15.45
15:28:17.4,15.45
15:28:17.4,15.45
15:28:17.4,15.45
15:28:17.4,15.45
15:28:17.4,15.45
15:28:17.4,15.45
15:28:17.6,15.45
15:28:17.6,15.45
15:28:17.6,15.45
15:28:17.6,15.45
15:28:17.6,15.45
15:28:17.6,15.45
15:28:17.6,15.45
15:28:17.6,15.38
15:28:17.6,15.45
15:28:17.6,15.45
15:28:17.6,15.45
15:28:17.6,15.45
15:28:17.6,15.45
15:28:17.6,15.45
15:28:17.6,15.45
15:28:17.6,15.45
15:28:17.7,15.45
15:28:17.7,15.38
15:28:17.7,15.45
15:28:17.7,15.38
15:28:17.7,15.45
15:28:17.7,15.38
15:28:17.7,15.38
15:28:17.7,15.38
15:28:17.7,15.45
15:28:17.8,15.45
15:28:17.8,15.38
15:28:17.8,15.45
15:28:17.8,15.38
15:28:17.8,15.45
15:28:17.8,15.38
15:28:17.8,15.38
15:28:17.8,15.38
15:28:17.8,15.38
15:28:17.8,15.38
15:28:17.8,15.38
15:28:17.8,15.45
15:28:17.8,15.38
15:28:17.8,15.38
15:28:17.9,15.38
15:28:17.9,15.38
15:28:17.9,15.38
15:28:17.9,15.38
15:28:17.9,15.38
15:28:17.9,15.38
15:28:17.9,15.38
15:28:17.9,15.38
15:28:17.9,15.38
15:28:17.9,15.38
15:28:17.9,15.38
15:28:17.9,15.38
15:28:17.9,15.38
15:28:18.0,15.38
15:28:18.0,15.38
15:28:18.0,15.38
15:28:18.0,15.38
15:28:18.0,15.38
15:28:18.0,15.38
15:28:18.0,15.38
15:28:18.0,15.38
15:28:18.0,15.38
15:28:18.0,15.38
15:28:18.0,15.38
15:28:18.0,15.38
15:28:18.0,15.38
15:28:18.0,15.38
15:28:18.0,15.38
15:28:18.0,15.38
15:28:18.0,15.38
15:28:18.0,15.38
15:28:18.0,15.38
15:28:18.0,15.38
15:28:18.0,15.38
15:28:18.1,15.38
15:28:18.1,15.38
15:28:18.1,15.38
15:28:18.1,15.38
15:28:18.1,15.38
15:28:18.1,15.38
15:28:18.1,15.38
15:28:18.1,15.38
15:28:18.1,15.38
15:28:18.1,15.38
15:28:18.1,15.38
15:28:18.1,15.38
15:28:18.1,15.38
15:28:18.1,15.38
15:28:18.1,15.38
15:28:18.1,15.38
15:28:18.2,15.38
15:28:18.2,15.38
15:28:18.2,15.38
15:28:18.2,15.38
15:28:18.2,15.38
15:28:18.2,15.38
15:28:18.2,15.38
15:28:18.2,15.38
15:28:18.2,15.38
15:28:18.2,15.38
15:28:18.2,15.38
15:28:18.2,15.38
15:28:18.2,15.38
15:28:18.2,15.38
15:28:18.2,15.38
